2.150507301515243164e-01 6.730573349087607404e-01
1.986573256879397009e-01 7.386309527630992022e-01
1.653174237869305951e-01 8.550440629297111350e-01
1.321410653983222661e-01 9.383432771443522835e-01
1.013127039704984078e-01 9.854014995233599805e-01
7.422084813320584118e-02 1.000000000000000000e+00
5.148057124138494256e-02 9.897530784688316485e-01
3.316044784791649658e-02 9.633597532130631080e-01
1.896340849432215370e-02 9.288418370145801184e-01
8.331474761341883806e-03 8.924379395739533427e-01
3.823378519655862284e-03 8.744055546072092566e-01
