1.974745533960766686e-01 6.502197070731696726e-01
1.793470284921225844e-01 7.227298066889860095e-01
1.434178932799314854e-01 8.486447372295133906e-01
1.088961120288526319e-01 9.354899100399081124e-01
7.664106704880668808e-02 9.844651259627958950e-01
4.664850483781074475e-02 1.000000000000000000e+00
1.869915842762176483e-02 9.865083417636029139e-01
-7.385632196662883509e-03 9.478304187514307033e-01
-3.166619850791624335e-02 8.875818522055580750e-01
-5.403748623864440548e-02 8.097841352060113351e-01
-6.472134004600671453e-02 7.670487199765620989e-01
