2.762746197227277101e-01 5.680968421542722524e-01
2.583939088634353842e-01 6.396196855914415558e-01
2.174743745297815778e-01 7.802589994516953009e-01
1.688537975706713157e-01 9.005389768442773057e-01
1.191232859928099685e-01 9.758512419068874344e-01
7.476616937310565092e-02 1.000000000000000000e+00
3.841021105311359651e-02 9.838524002065996976e-01
9.212170488477000596e-03 9.416039188707268082e-01
-1.468862852628771698e-02 8.829519625976689490e-01
-3.472413075764518853e-02 8.136603119157674868e-01
-4.390927474547423603e-02 7.769197359644512968e-01
