2.179368615280503629e-01 5.942760950943024589e-01
1.966594971272282999e-01 6.793855526975907111e-01
1.544730501853441851e-01 8.272222579240651186e-01
1.144778901223720835e-01 9.281216605910713735e-01
7.853872041790777025e-02 9.831469078174457366e-01
4.690681462801116197e-02 1.000000000000000000e+00
1.903447405345692900e-02 9.869064730327881119e-01
-5.937729450782636142e-03 9.500555929915208697e-01
-2.891541751786552705e-02 8.930012053272998740e-01
-5.061264641944351883e-02 8.173113012510431208e-01
-6.121086379096629670e-02 7.749184317649520093e-01
