2.285950020477780509e-01 7.360043767172619322e-01
2.173854002332100688e-01 7.808427839755338606e-01
1.929100366907755548e-01 8.654784764174053846e-01
1.643705033389470938e-01 9.358233048489288386e-01
1.322821557634115130e-01 9.831854240484263485e-01
9.808908722738052255e-02 1.000000000000000000e+00
6.402678762204250251e-02 9.833161929791193190e-01
3.240632791589459494e-02 9.367590805877041849e-01
4.766558445996271764e-03 8.687764248632764419e-01
-1.846408703172741639e-02 7.885569597370127859e-01
-2.899161572482000793e-02 7.464468449646424197e-01
