1.992907629413909198e-01 7.549053758726340657e-01
1.874080645850109139e-01 8.024361692981540894e-01
1.631847021746171134e-01 8.869889548857154971e-01
1.382589625756582841e-01 9.491810981376469503e-01
1.128495116444817592e-01 9.871756246137685098e-01
8.702040034556834946e-02 1.000000000000000000e+00
6.117125402309919746e-02 9.871555895902127675e-01
3.622796580000903210e-02 9.501134235538196693e-01
1.333804464729204664e-02 8.935425379089716458e-01
-6.637319875373137723e-03 8.244321231577249609e-01
-1.582164105862426950e-02 7.876948384247204338e-01
