1.880227680881163543e-01 7.610512191369407375e-01
1.790611146137983667e-01 7.968978330342126881e-01
1.583999133975545481e-01 8.678430901572621314e-01
1.316067652934367338e-01 9.331289341074235910e-01
9.817123234714852931e-02 9.816580674159037789e-01
5.973509105002006159e-02 1.000000000000000000e+00
2.020468906091471561e-02 9.805638067239268452e-01
-1.597455368340366944e-02 9.276415145113632299e-01
-4.596316792750027025e-02 8.544187212473186577e-01
-6.919899251247013661e-02 7.747209876832905628e-01
-7.918925232158868788e-02 7.347599484468163578e-01
