2.390732761224771963e-01 6.460414706094486093e-01
2.253096478866791763e-01 7.010959835526406891e-01
1.931699011418669398e-01 8.112788520228754185e-01
1.529227578026152168e-01 9.101492572103930812e-01
1.079973864078117574e-01 9.769456534354340471e-01
6.301157469482165929e-02 1.000000000000000000e+00
2.157607315812620774e-02 9.804959636117287491e-01
-1.472483600798202286e-02 9.273981816677835388e-01
-4.586345288702692313e-02 8.507792038084858177e-01
-7.248007400597611394e-02 7.586544634338969750e-01
-8.475495102371732870e-02 7.095549553629321160e-01
