3.281337660963905556e-01 5.302245260569047325e-01
3.064240658858112809e-01 6.170633268992218312e-01
2.606027986376209249e-01 7.762368288543721739e-01
2.111607184830368578e-01 8.992325562011513895e-01
1.607769965836125525e-01 9.749467912175486806e-01
1.124429982840018938e-01 1.000000000000000000e+00
6.855854269959393843e-02 9.793963339327513840e-01
3.006151635497666952e-02 9.230059473107654622e-01
-3.532385116099101552e-03 8.401176031749068018e-01
-3.328315693124511698e-02 7.368150571080298583e-01
-4.733338755268401421e-02 6.806141346222742694e-01
