2.299772773303783158e-01 6.627146917069834942e-01
2.145978305327361779e-01 7.242324788975520455e-01
1.817964133599934140e-01 8.380161772134224751e-01
1.459590885497157320e-01 9.271127972090784652e-01
1.095154871542549646e-01 9.819717530397162886e-01
7.513662029973627865e-02 1.000000000000000000e+00
4.493836418755287054e-02 9.861523637820515109e-01
1.999715341338281771e-02 9.501175784516598943e-01
3.688531810028816693e-04 9.023262523107417055e-01
-1.458092507049069120e-02 8.510618649809257308e-01
-2.099597764582594728e-02 8.254016546795847065e-01
