2.708210432633331166e-01 4.980314784100756675e-01
2.496289835581770866e-01 5.827997172306997875e-01
2.018861113807369767e-01 7.472203934681761472e-01
1.461208810780298961e-01 8.853016665458743883e-01
8.877171435096709029e-02 9.718652511033601948e-01
3.632175576469759415e-02 1.000000000000000000e+00
-7.740135278781146155e-03 9.802533186461509507e-01
-4.319313748455227975e-02 9.290939955884577328e-01
-7.137799167449954130e-02 8.602457538705380324e-01
-9.377441571035471934e-02 7.831385910651424975e-01
-1.036923064081847201e-01 7.434670282738224945e-01
