2.411098401762079568e-01 6.591328589656724191e-01
2.253572701779765763e-01 7.221431389585979410e-01
1.923980236107426522e-01 8.367734486585310938e-01
1.569168148166958376e-01 9.249425428156272666e-01
1.193880862245094709e-01 9.807458036328579043e-01
8.009755457491063435e-02 1.000000000000000000e+00
4.004593765773389880e-02 9.799847183652800053e-01
1.274106447456790914e-03 9.224563375794457842e-01
-3.404144437074352325e-02 8.352662347004019550e-01
-6.472103351673536009e-02 7.291068793590778085e-01
-7.884162142008399599e-02 6.726245277456832650e-01
