2.579475959645518568e-01 6.775021742224347499e-01
2.453818763493104127e-01 7.277650526834005262e-01
2.167835814533187744e-01 8.261256569866168853e-01
1.809026938519318062e-01 9.139200074701410159e-01
1.378626975870023141e-01 9.768083160557072819e-01
8.986346238262732378e-02 1.000000000000000000e+00
4.120496770076126358e-02 9.761490565782162676e-01
-3.365906709424160148e-03 9.108582511796291525e-01
-4.078873273179961512e-02 8.193097041009044235e-01
-7.041371140002616880e-02 7.175126844619720279e-01
-8.333579503427890334e-02 6.658243499249610897e-01
