2.442821534154955287e-01 6.148936710114791815e-01
2.267240335290002795e-01 6.851261505574601784e-01
1.887090433096685338e-01 8.167292411019506648e-01
1.473827048166898024e-01 9.198387884207446241e-01
1.073020990270621144e-01 9.807888623705145470e-01
7.110917017029588783e-02 1.000000000000000000e+00
3.895346129448751249e-02 9.848260823514723983e-01
9.887431758670850446e-03 9.418679409283666759e-01
-1.689364255405684245e-02 8.754168298774727131e-01
-4.170821831355098208e-02 7.890474892649347316e-01
-5.363383164760648913e-02 7.413450359287127034e-01
