2.097167973309272959e-01 8.275799566295820586e-01
2.032794450069962400e-01 8.533293659253062824e-01
1.885112617493734932e-01 9.040712680221055786e-01
1.693277802730677184e-01 9.507690619084088191e-01
1.447123112272721279e-01 9.862371814968184935e-01
1.145682606945624959e-01 1.000000000000000000e+00
8.041702775413106519e-02 9.822299990890966948e-01
4.528748001687665781e-02 9.297409045254911852e-01
1.248165742618195795e-02 8.486829835797582433e-01
-1.588082762814102544e-02 7.506793191268098520e-01
-2.879703691812041111e-02 6.990144819668923093e-01
