2.803654066394403177e-01 5.709136813311097569e-01
2.584008621176453468e-01 6.587718594182896403e-01
2.142097158899674003e-01 8.133098426231184508e-01
1.715351222242931239e-01 9.208856316603499792e-01
1.319779380544681135e-01 9.808908077899662903e-01
9.303911588480578976e-02 1.000000000000000000e+00
5.024248941371828314e-02 9.770330034885410520e-01
2.304360666681160019e-04 8.999758933058996657e-01
-5.522206486222164257e-02 7.606634473548217201e-01
-1.080570014296313719e-01 5.777311451784812313e-01
-1.324844939037426172e-01 4.800211752820362499e-01
