3.447031515604070950e-01 5.786528956325367457e-01
3.271924879881971115e-01 6.486955499213766796e-01
2.875022292325654094e-01 7.852769897604817695e-01
2.405084769515349885e-01 9.014440895059643299e-01
1.912305217045171535e-01 9.755362018505908672e-01
1.448435170285419238e-01 1.000000000000000000e+00
1.040110320254419851e-01 9.810907215234661027e-01
6.847342978519915802e-02 9.289247955195143458e-01
3.662227633084397249e-02 8.499996589201577191e-01
7.235457412825385681e-03 7.476752129387296275e-01
-6.928531814547000955e-03 6.910192560292400810e-01
