2.244671977207108871e-01 7.658860181963313973e-01
2.131653951925988055e-01 8.110932283087797234e-01
1.902136297467221793e-01 8.912503271745216837e-01
1.666048822792275397e-01 9.501177850272755077e-01
1.416637747928652935e-01 9.870176770633678487e-01
1.130825078133015915e-01 1.000000000000000000e+00
7.718782272258700727e-02 9.797042589522169109e-01
3.091286441352136816e-02 9.074500833818687218e-01
-2.423393329784373496e-02 7.679889075090560180e-01
-8.010947006743324161e-02 5.736543408807804889e-01
-1.068174263869402507e-01 4.668225156027524525e-01
