1.967280502209507453e-01 6.804702350761542284e-01
1.825657422250140938e-01 7.371194670599008347e-01
1.517415767643556235e-01 8.437542714378128972e-01
1.173633691035552706e-01 9.291725442241354216e-01
8.194964121562298143e-02 9.823026223081462449e-01
4.690663955300883314e-02 1.000000000000000000e+00
1.268474718294421155e-02 9.831237316006957716e-01
-2.016137051044014639e-02 9.343077646132312841e-01
-5.049095625203470217e-02 8.592888566825277463e-01
-7.704160274002302966e-02 7.674460071780888626e-01
-8.923251278049693092e-02 7.186823670161932576e-01
