1.198659357360352118e-01 8.193138445914480705e-01
1.128073623697805061e-01 8.475481380564668932e-01
9.685998832809017411e-02 9.024488335477925949e-01
7.691657015798125663e-02 9.512244705634460562e-01
5.252880543970428473e-02 9.866668527763963192e-01
2.389310070020850274e-02 1.000000000000000000e+00
-7.855531343438526548e-03 9.835539254722450719e-01
-4.069197403215102371e-02 9.343271146225750057e-01
-7.220531068452340495e-02 8.561774728264154311e-01
-1.003309847241329322e-01 7.587977451593921341e-01
-1.133336902723276474e-01 7.067869229666132735e-01
