3.372900611833522522e-01 5.784898976778978241e-01
3.170451743194667715e-01 6.594694451334397467e-01
2.750105379044420761e-01 8.058182412423993135e-01
2.313368893365984613e-01 9.149552879292257579e-01
1.888145333012113403e-01 9.793615429813172790e-01
1.497649232976472344e-01 1.000000000000000000e+00
1.154751900164969758e-01 9.841214197037311262e-01
8.584166952969468634e-02 9.407329590263954211e-01
5.968539517899906777e-02 8.760190761648419810e-01
3.557522820297670529e-02 7.919797424209147341e-01
2.386639538711654573e-02 7.451444111574740958e-01
