2.987147761740638341e-01 5.624752195014581790e-01
2.800084272646486960e-01 6.373006151391187313e-01
2.386343027324820953e-01 7.801293376450336714e-01
1.907732947365053944e-01 8.985191292597385360e-01
1.400328593663746624e-01 9.744527970030945063e-01
9.050167506931117156e-02 1.000000000000000000e+00
4.523500730104268452e-02 9.787173135318895101e-01
5.847195426960327680e-03 9.212243762518352863e-01
-2.712722458172545092e-02 8.404062416317498174e-01
-5.384483143217111412e-02 7.484051088326810763e-01
-6.569314367990286563e-02 7.010118598417540703e-01
