3.067201182464533993e-01 6.332922160102936182e-01
2.899499680708137461e-01 7.003728167128522308e-01
2.546978168787314978e-01 8.228994204647386290e-01
2.162282449117204353e-01 9.183205654152033492e-01
1.753885276193221099e-01 9.791478536581701420e-01
1.340452187798332750e-01 1.000000000000000000e+00
9.484578896566808748e-02 9.812917326834937892e-01
6.029124278778202894e-02 9.308909076442278829e-01
3.192785609766024546e-02 8.616470264352423802e-01
1.011270484623216781e-02 7.869035292582720054e-01
8.146614235460258868e-04 7.497113555675274377e-01
