2.221011879066572270e-01 7.597738123542190358e-01
2.116968397311906891e-01 8.013912050560851874e-01
1.891735943258789909e-01 8.793652894474868198e-01
1.633782795119750331e-01 9.430748163051398958e-01
1.349156876645449810e-01 9.852138257366287455e-01
1.049963603809241364e-01 1.000000000000000000e+00
7.532296863850879154e-02 9.854597612778341897e-01
4.768552214029958547e-02 9.447251070035815879e-01
2.346088498263149136e-02 8.851484033066208124e-01
3.310666806255024852e-03 8.156749599827395336e-01
-5.712121988496798863e-03 7.795838048037322388e-01
