2.633329399489134914e-01 8.665675366626111042e-01
2.581724709743495882e-01 8.872094125608667170e-01
2.467494063655488734e-01 9.266390753618327647e-01
2.322865438346367606e-01 9.618273960578938020e-01
2.132002418635836616e-01 9.891139649256222022e-01
1.888885908431529037e-01 1.000000000000000000e+00
1.607937673833745862e-01 9.853307924862746425e-01
1.321546716895494189e-01 9.427218086123496654e-01
1.066016631433399642e-01 8.800326711538211111e-01
8.651045781265259693e-02 8.112509701971812870e-01
7.800237284807487459e-02 7.772186303388703976e-01
