2.061918892513392443e-01 7.860891516562797943e-01
1.977424604984928669e-01 8.198868666676653039e-01
1.788142576092296432e-01 8.851209040883013524e-01
1.555063186701213240e-01 9.422155561029348370e-01
1.266140967215887425e-01 9.839369428541588913e-01
8.916515931770147008e-02 1.000000000000000000e+00
3.803277082909023443e-02 9.702534917694349836e-01
-3.010969267804669558e-02 8.637150729857261400e-01
-1.079871944102031578e-01 6.684785230658285560e-01
-1.773852852386195167e-01 4.303677062077477800e-01
-2.073018296114512715e-01 3.107015287164207606e-01
