2.470382057348035065e-01 6.448456396573041260e-01
2.311655267171409678e-01 7.083363557279542810e-01
1.970801707822036342e-01 8.264651025504288206e-01
1.592065267961257913e-01 9.204250674398593013e-01
1.194190605160554419e-01 9.798735007887326987e-01
7.959772876293980115e-02 1.000000000000000000e+00
4.139754763900932444e-02 9.814946514179179182e-01
6.127738999041842938e-03 9.294603827200650370e-01
-2.539292483218263952e-02 8.516628512842769894e-01
-5.289577283055135748e-02 7.564076630641412002e-01
-6.564241705558093720e-02 7.054210861640228813e-01
