2.701897726533861732e-01 5.942985271226242094e-01
2.564755841063142139e-01 6.491552813109120468e-01
2.221022878797761502e-01 7.659893585375981973e-01
1.737680133810806105e-01 8.833170152144553811e-01
1.154265209883083010e-01 9.693336744264571259e-01
5.746977116213947134e-02 1.000000000000000000e+00
1.003250579902209561e-02 9.798531588895085243e-01
-2.339012633197401492e-02 9.331547357380077790e-01
-4.505373277742125149e-02 8.814397074221707040e-01
-5.879405441176333014e-02 8.348662363097449912e-01
-6.414656062116286250e-02 8.134562114721468618e-01
