2.017197001657276001e-01 7.045362046952585722e-01
1.895860273330122192e-01 7.530708960261200957e-01
1.622848864528629864e-01 8.471079914992831750e-01
1.295571511946576049e-01 9.277309300631277900e-01
9.342261622622149986e-02 9.814257322423354246e-01
5.664900894218488636e-02 1.000000000000000000e+00
2.122864742982222275e-02 9.827789780140093745e-01
-1.240224571425996292e-02 9.327382137118356287e-01
-4.463752022800915320e-02 8.524422613286796180e-01
-7.538579364758807300e-02 7.452745710060215689e-01
-9.030866371150936267e-02 6.855830907503364102e-01
