2.073939883025659459e-01 6.579737955331887989e-01
1.912659766543630679e-01 7.224858421260003105e-01
1.582788086032911323e-01 8.375753579274189953e-01
1.235506345291078611e-01 9.238908624786545953e-01
8.549606576843515882e-02 9.798144489106415111e-01
4.149783259924388901e-02 1.000000000000000000e+00
-9.130302067392626064e-03 9.731845474131962659e-01
-6.228940562315044005e-02 8.936817928884843720e-01
-1.104902772423745905e-01 7.754228289997660006e-01
-1.481608789958089867e-01 6.465976426362984864e-01
-1.639742600989733123e-01 5.833441182236411837e-01
