2.798717903852914191e-01 5.127404370538193312e-01
2.570373059443012975e-01 6.040783748177798174e-01
2.093458604577460580e-01 7.699871957184356575e-01
1.585730856450207060e-01 8.963897063894514794e-01
1.067679388397464457e-01 9.741106669618859737e-01
5.633450579249599244e-02 1.000000000000000000e+00
9.323784848155602933e-03 9.775333790647959820e-01
-3.412454207938142581e-02 9.131033461449259425e-01
-7.590648656045612119e-02 8.087392186940349781e-01
-1.177378005039719788e-01 6.622142014087131212e-01
-1.387688759587462073e-01 5.780898995896162074e-01
