3.584065933116162839e-01 4.065017879998444883e-01
3.356319474134757952e-01 4.976003715924064430e-01
2.816435769572127601e-01 6.823401288593360370e-01
2.129435835846895664e-01 8.509538401625049708e-01
1.384205036659420518e-01 9.629631888956531327e-01
7.179568943979508511e-02 1.000000000000000000e+00
2.206120716179277297e-02 9.798535208437977317e-01
-1.086714393867443951e-02 9.341432977990655750e-01
-3.184544393794702666e-02 8.839902697455128688e-01
-4.567695674114052862e-02 8.368606465877463929e-01
-5.131204148932644316e-02 8.143203075950027348e-01
