2.251080127652453911e-01 7.053645519122819785e-01
2.131084036961797823e-01 7.533629881885444135e-01
1.865491538004098171e-01 8.450403469449199179e-01
1.543662468062206861e-01 9.239658017600025364e-01
1.163491476862219542e-01 9.796061670474860428e-01
7.457818125162968270e-02 1.000000000000000000e+00
3.356606188330119034e-02 9.803650141137498775e-01
-1.979285289506305112e-03 9.289093056543850091e-01
-2.972746966683953440e-02 8.615751138089426941e-01
-5.007005530048885822e-02 7.920425943651212553e-01
-5.857481784336227015e-02 7.580235441936276075e-01
