2.887086324298802076e-01 5.947769822347432900e-01
2.688057030569998007e-01 6.743886997262649174e-01
2.272376075279607388e-01 8.189959156862625100e-01
1.851463207966682623e-01 9.248436553050061182e-01
1.475681484491713213e-01 9.828479482276368806e-01
1.169592850913196980e-01 1.000000000000000000e+00
9.318340265531516176e-02 9.896809291494839123e-01
7.491131431338704516e-02 9.634558233161437668e-01
6.073825414759898011e-02 9.288896603101917115e-01
4.958826303839319882e-02 8.905097385477445115e-01
4.465831460356339822e-02 8.707899448084253091e-01
