1.988384864392802598e-01 7.691875829879433191e-01
1.895159293104335951e-01 8.064778115033299777e-01
1.690647694641007615e-01 8.771538481711751434e-01
1.441850861123535887e-01 9.380418175921556578e-01
1.132059949084314177e-01 9.827719894303388326e-01
7.523620976546785410e-02 1.000000000000000000e+00
3.192666035565228100e-02 9.774322251634868230e-01
-1.203187639772435036e-02 9.120829264932467373e-01
-5.117146382881598843e-02 8.160549261168352775e-01
-8.231991670590493859e-02 7.092099401227076605e-01
-9.571954406876570509e-02 6.556114306712645945e-01
