2.076680829538877227e-01 6.325904804144408811e-01
1.917871427777212423e-01 6.961142411191068025e-01
1.564313613049528318e-01 8.180625257135785144e-01
1.159767856669168262e-01 9.184465182862524557e-01
7.520004481004305408e-02 9.802029934845603032e-01
3.844348842474942796e-02 1.000000000000000000e+00
7.345784677652456018e-03 9.858618461227569574e-01
-1.907262868771986142e-02 9.471631732692553651e-01
-4.268676531031312393e-02 8.886010228896048524e-01
-6.476259205756007553e-02 8.116315930350810337e-01
-7.550454167034303943e-02 7.686637945839491781e-01
