1.622108859464410635e-01 8.126819355166197134e-01
1.548488389869540072e-01 8.421301233545679388e-01
1.382004958559531760e-01 8.994371997070574887e-01
1.175073272656642631e-01 9.501098330591490893e-01
9.256224379523880774e-02 9.864617889483496826e-01
6.356097751236533533e-02 1.000000000000000000e+00
3.116311809882338357e-02 9.830651958176812588e-01
-3.362978901163937717e-03 9.309478060000253574e-01
-3.794438381865711252e-02 8.447948840652144131e-01
-6.991561007148455742e-02 7.339000911537292282e-01
-8.489672422448735212e-02 6.739756345417180494e-01
