3.228439251032424462e-01 5.797728530255226165e-01
3.039132048781693074e-01 6.554957339258151716e-01
2.631248099506617866e-01 7.967916389334108729e-01
2.182140528036914384e-01 9.084708279297859512e-01
1.724494667685844140e-01 9.772884964094289417e-01
1.278622588728388076e-01 1.000000000000000000e+00
8.434766705889523708e-02 9.783611124912310331e-01
4.047744644289613669e-02 9.122595587680017992e-01
-4.146942863324232231e-03 8.006177239565708259e-01
-4.690489815316950528e-02 6.519789589961799692e-01
-6.726979724402448735e-02 5.705193626327600409e-01
