2.836272846419927163e-01 7.164799979082969728e-01
2.715630253143798134e-01 7.647370352187485842e-01
2.449248786045875592e-01 8.567157346757382497e-01
2.139583786569413393e-01 9.332226219532100409e-01
1.805696896335463597e-01 9.830039235420718891e-01
1.473915990127619979e-01 1.000000000000000000e+00
1.169602706567089423e-01 9.857506858068032507e-01
9.087016163737565710e-02 9.478197819613334296e-01
6.948253877530780054e-02 8.954977082012662848e-01
5.228186346106505900e-02 8.362418349802267503e-01
4.462801618275369364e-02 8.056264458669812889e-01
