1.866276067947161277e-01 6.883533514294968292e-01
1.739561184535878269e-01 7.390393047940100324e-01
1.456032640588120763e-01 8.367693563194655848e-01
1.111860403057055580e-01 9.212851698793260713e-01
7.182862524536859361e-02 9.793784426391221043e-01
3.105148416070724338e-02 1.000000000000000000e+00
-6.513635469986622795e-03 9.825904640930895884e-01
-3.762187781952308629e-02 9.377835153009270730e-01
-6.162913057498686786e-02 8.794604634771617802e-01
-7.968623236334171356e-02 8.175406026365801271e-01
-8.743478783885882955e-02 7.865463807345116631e-01
