3.104320903817288091e-01 5.859822644142007597e-01
2.878934173818814557e-01 6.761369564135901733e-01
2.445395632277973519e-01 8.287371918756898381e-01
2.052922904425716899e-01 9.280469186003779125e-01
1.693157497427606462e-01 9.824555509311778678e-01
1.339802077615664389e-01 1.000000000000000000e+00
9.843200232785026538e-02 9.822428874786559572e-01
6.426044260429730759e-02 9.316568805528940844e-01
3.407541376912920361e-02 8.575162412495986874e-01
9.710393653707793948e-03 7.738267424208722378e-01
-8.840448287543711814e-04 7.314489884910235773e-01
