2.614835248861469008e-01 6.382997207599068190e-01
2.448037221194109270e-01 7.050189318268507144e-01
2.092252178900256832e-01 8.284342472817424197e-01
1.708497972428596468e-01 9.240837900387237624e-01
1.328916922622215280e-01 9.815186142038786477e-01
9.785090107093197265e-02 1.000000000000000000e+00
6.701919707047565566e-02 9.857277013947118860e-01
4.085229104030918545e-02 9.476661879396670596e-01
1.935655271698177859e-02 8.950735803945631952e-01
2.186071744405160278e-03 8.359927874027057726e-01
-5.383278329722407385e-03 8.057153871061955019e-01
