3.178938214985107535e-01 5.012715301040024940e-01
2.955804087897381249e-01 5.905251809390930084e-01
2.467066860592341815e-01 7.594597618393774674e-01
1.926392337113338460e-01 8.941549765569094532e-01
1.397167219897885726e-01 9.745846306046237473e-01
9.239702875688060590e-02 1.000000000000000000e+00
5.200236926012952177e-02 9.815096643407805743e-01
1.767297253381572286e-02 9.313412065473724022e-01
-1.203558081706412874e-02 8.580546075618272761e-01
-3.810970542240349479e-02 7.676276014242552348e-01
-5.031433774395743797e-02 7.188090721380394621e-01
