1.750753567246861042e-01 8.897569965564240402e-01
1.710517280838734777e-01 9.058515111196745462e-01
1.620603854875972694e-01 9.368491675493157977e-01
1.502137913658576629e-01 9.655100697482585925e-01
1.329688262399869592e-01 9.896339150404053209e-01
1.070851206412117840e-01 1.000000000000000000e+00
7.124867345755392378e-02 9.796811734555226359e-01
2.983365515799885070e-02 9.171699634008898538e-01
-8.350733451420788711e-03 8.237129893277086445e-01
-3.696542691505749767e-02 7.263424123275037392e-01
-4.849192352435227615e-02 6.802364258903246252e-01
