2.866777339370465416e-01 5.618131796614314055e-01
2.652402571879654003e-01 6.475630866577559708e-01
2.208295889492959407e-01 8.022325681228454908e-01
1.755980370853306161e-01 9.156688633403644584e-01
1.334324687555128452e-01 9.800927920445592356e-01
9.692277560069506581e-02 1.000000000000000000e+00
6.716430223378921927e-02 9.868440118324711685e-01
4.382937371716716379e-02 9.533301429667558891e-01
2.577368201378665846e-02 9.093420082057075415e-01
1.171116576257996700e-02 8.609686945551681125e-01
5.525400865660556882e-03 8.362256349674904721e-01
