2.580173215940013698e-01 6.985839961487623206e-01
2.433648738476121842e-01 7.571937871343190629e-01
2.132772783031959829e-01 8.621090215139568524e-01
1.823963401262950201e-01 9.393060456657857937e-01
1.520493629591879170e-01 9.850988132117668439e-01
1.231344553687905852e-01 1.000000000000000000e+00
9.627245125201466802e-02 9.871517166853882586e-01
7.203553286589192695e-02 9.515261632277545178e-01
5.096218951639763795e-02 8.996947682507826505e-01
3.337312150633658936e-02 8.390232044885217455e-01
2.546876177425883014e-02 8.074057655602107086e-01
