3.320127082391381990e-01 6.081511500517478019e-01
3.185797590705667925e-01 6.618829467260334276e-01
2.856536022467222047e-01 7.740943663661385976e-01
2.397608168025293640e-01 8.853731449097974604e-01
1.824473892574280942e-01 9.690861502438183894e-01
1.220114945348508839e-01 1.000000000000000000e+00
6.937976983511751072e-02 9.768903202666622265e-01
3.045692340234007478e-02 9.221543071344451281e-01
4.440730901739020631e-03 8.599188963320816281e-01
-1.230678825924008679e-02 8.031318454893265901e-01
-1.885128161905780253e-02 7.769538720500557272e-01
