2.898177231637859563e-01 6.129395857661994462e-01
2.735072898777515249e-01 6.781813189103371720e-01
2.377201741435276405e-01 8.018530993990432565e-01
1.956441932790392579e-01 9.054817435762094746e-01
1.483850650671439952e-01 9.753401702044036670e-01
9.904054358222935672e-02 1.000000000000000000e+00
5.153278843701403211e-02 9.771769365441029809e-01
8.461378960292809115e-03 9.138571810465575540e-01
-2.974418786214927390e-02 8.194888266000555088e-01
-6.379963399929328149e-02 7.012242628530973576e-01
-7.989785933481940994e-02 6.368313615109928438e-01
