2.418396399230566818e-01 6.877566426143852940e-01
2.288673348978744748e-01 7.396458627151141219e-01
2.001496940433145078e-01 8.387710903039762300e-01
1.660905865251497415e-01 9.226346411696835226e-01
1.274079071099915028e-01 9.796310922736287674e-01
8.544171300276759418e-02 1.000000000000000000e+00
4.219874962350439462e-02 9.783543230015894210e-01
2.903829896823140189e-04 9.161832667323558388e-01
-3.757371086282812467e-02 8.228536748102360798e-01
-6.944324455514683248e-02 7.129769442580601302e-01
-8.371137403036665869e-02 6.559044263571808253e-01
