2.750812141587646309e-01 6.545676634754142853e-01
2.616989574545240949e-01 7.080966902923764295e-01
2.316201071317223192e-01 8.117154979650222923e-01
1.935165061083465865e-01 9.046192936303349974e-01
1.458261529235140852e-01 9.737166542199819919e-01
9.080224645162571218e-02 1.000000000000000000e+00
3.513671815317498393e-02 9.730750323934196366e-01
-1.358735820802298155e-02 9.025518472776040690e-01
-5.128698873301140715e-02 8.112520644572563944e-01
-7.815309679629395267e-02 7.196881539744970357e-01
-8.911868308920567472e-02 6.758258088028501476e-01
