2.398941976648403251e-01 6.562167033522636750e-01
2.235445304413613554e-01 7.216153722461795539e-01
1.898366072826866979e-01 8.390888089456824961e-01
1.545606323743583532e-01 9.269990146975348733e-01
1.180601397231257899e-01 9.814172263219000936e-01
7.986562658156298733e-02 1.000000000000000000e+00
3.956019556407786020e-02 9.793063084459777690e-01
-2.219120275444463886e-03 9.164413683209553518e-01
-4.342493685968662476e-02 8.139095428537289623e-01
-8.127510661137832271e-02 6.826290561457042383e-01
-9.900508406432795283e-02 6.117091463339057178e-01
