2.597765842062191854e-01 6.308995113090474227e-01
2.430868103358412302e-01 6.976586067905592436e-01
2.074773828607135995e-01 8.211766630863200911e-01
1.682392299646587874e-01 9.185726224831793907e-01
1.275255412062484828e-01 9.796048105328948319e-01
8.806799819887395353e-02 1.000000000000000000e+00
5.224498309942787744e-02 9.832393384408233405e-01
2.133829869278214275e-02 9.381866311867085306e-01
-4.515167281667953336e-03 8.747722561108273176e-01
-2.586986283085324079e-02 8.010609170410671886e-01
-3.551711525305745187e-02 7.624719073522503443e-01
