2.917360844186136504e-01 6.251870633255673937e-01
2.762587900513906458e-01 6.870962407944594119e-01
2.418212245373215774e-01 8.058862317038896217e-01
2.006708195714052012e-01 9.071473127825684379e-01
1.542444759626894202e-01 9.757637902103545313e-01
1.059630467083229610e-01 1.000000000000000000e+00
6.054401057329167335e-02 9.786261833296896473e-01
2.192068527639429165e-02 9.227533494062052366e-01
-8.421009412964031160e-03 8.489777739647172972e-01
-3.122459877817274077e-02 7.708556025666537526e-01
-4.093600208061021206e-02 7.320099893569038674e-01
