3.270979417852628579e-01 5.689839425712039933e-01
3.091991017718770385e-01 6.405793026247472710e-01
2.690353269759522270e-01 7.789694670259075249e-01
2.213747808779829018e-01 8.965554940043851673e-01
1.696525278801754855e-01 9.736733583176229168e-01
1.182545260196573023e-01 1.000000000000000000e+00
7.065604492600841002e-02 9.774728790844922077e-01
2.857457282085656969e-02 9.158370557896963193e-01
-7.517044559053720487e-03 8.271165548396095524e-01
-3.766855502163862779e-02 7.230477791795361098e-01
-5.128279929395729297e-02 6.685908020902614490e-01
