2.997522212101892958e-01 6.231110848706047367e-01
2.840794274959822507e-01 6.858022597274329168e-01
2.495915818651410767e-01 8.049385903341634840e-01
2.085975137936922907e-01 9.057417783936951849e-01
1.614684029905398832e-01 9.750499053516622494e-01
1.106131682719752041e-01 1.000000000000000000e+00
6.037496906087164161e-02 9.756669408591234216e-01
1.531776677220925142e-02 9.098855954226752196e-01
-2.170785086468879355e-02 8.195328856597667855e-01
-5.013208153928516708e-02 7.221374374504936355e-01
-6.225483772476925193e-02 6.736464127085572962e-01
