2.510852558000558066e-01 7.984782057861712357e-01
2.418286764671532252e-01 8.355045231177815612e-01
2.225092458340011126e-01 9.027193943501404805e-01
2.015419585697058036e-01 9.547168201789806297e-01
1.789003686591961184e-01 9.882628460535360926e-01
1.546521191767601389e-01 1.000000000000000000e+00
1.290040672027017998e-01 9.868630435619136776e-01
1.024281524246444808e-01 9.468481704438853619e-01
7.579753276378770055e-02 8.803952698012860179e-01
5.034304303608821973e-02 7.917689722113738782e-01
3.808021462927446699e-02 7.427176585841188672e-01
