1.987729524012551430e-01 7.658484177069695420e-01
1.902030930251035201e-01 8.001278552115760334e-01
1.702032289402662935e-01 8.686973068422393363e-01
1.438439735666889874e-01 9.328458222980795522e-01
1.102668847157287635e-01 9.813521618139314784e-01
6.997414367940302249e-02 1.000000000000000000e+00
2.558318816654764349e-02 9.772539473374017849e-01
-1.856161817911489154e-02 9.117103873086749299e-01
-5.819140478772505398e-02 8.142197811659088735e-01
-9.093020276369717658e-02 7.014956221875661146e-01
-1.054379678141235122e-01 6.434645619858607724e-01
