2.560421447984997378e-01 6.212407921556648560e-01
2.401808157260474363e-01 6.846861084454740620e-01
2.045762899669024693e-01 8.073610147953612648e-01
1.625988873360675324e-01 9.110590167437238041e-01
1.181283957079294344e-01 9.777637143160041733e-01
7.587004838807881457e-02 1.000000000000000000e+00
3.886259582630635645e-02 9.830146090740823350e-01
7.549738857848597995e-03 9.373742860630844831e-01
-1.921163484367116592e-02 8.714176310010652848e-01
-4.278061389889425969e-02 7.895756224391525802e-01
-5.391568529513768304e-02 7.450353368541788868e-01
