3.233014471213975227e-01 5.171562418702522201e-01
3.012952244227615761e-01 6.051811326647960065e-01
2.545178210938038310e-01 7.675195653503051885e-01
2.033898495171575505e-01 8.945466891339195481e-01
1.506631940841173245e-01 9.736301355132842561e-01
9.980696688750995138e-02 1.000000000000000000e+00
5.415077291149655858e-02 9.788301687338782919e-01
1.559686401940479916e-02 9.228921822158164812e-01
-1.557828901370300612e-02 8.467508007424631167e-01
-3.997770309868869942e-02 7.629442198096580974e-01
-5.058604177653658329e-02 7.205108650982665619e-01
