2.684257321641889682e-01 6.709928721617357539e-01
2.536158468361320306e-01 7.302324134739635042e-01
2.223044619275745815e-01 8.389764535276927893e-01
1.876963590442151109e-01 9.246941588749122420e-01
1.500434384816712319e-01 9.804536827403150800e-01
1.097149621272690556e-01 1.000000000000000000e+00
6.698592342121806320e-02 9.780531203886662084e-01
2.198250807352891689e-02 9.099931693046217074e-01
-2.468683925333053919e-02 7.930416630603986938e-01
-7.104938195227367137e-02 6.312043038551302665e-01
-9.379911306071275767e-02 5.402053794213739213e-01
