2.134092127767692748e-01 7.028137140082155732e-01
2.010777140158331866e-01 7.521397090519599260e-01
1.738069386622373980e-01 8.462835338736833801e-01
1.413809479344652065e-01 9.260747919218874635e-01
1.044183438954089382e-01 9.805241100960562228e-01
6.456752463528664387e-02 1.000000000000000000e+00
2.423262113394952788e-02 9.800400258548414012e-01
-1.419801692237077084e-02 9.231387238873594026e-01
-4.906393145717657944e-02 8.370116441941036767e-01
-7.961877868511030298e-02 7.311875059060128912e-01
-9.377837528939991785e-02 6.745491194888544317e-01
