2.739510249200396430e-01 6.380869597978429120e-01
2.553507150191647312e-01 7.124881994013425590e-01
2.188092714694546137e-01 8.407128399513478234e-01
1.835655297824179133e-01 9.291414569742564300e-01
1.481362582695461283e-01 9.818733365253297096e-01
1.096383274867180346e-01 1.000000000000000000e+00
6.704876037444340575e-02 9.777817001958831744e-01
2.340981064160913006e-02 9.127221005343314486e-01
-1.563520066382534379e-02 8.170077165467455327e-01
-4.589203782941508880e-02 7.136047292611035209e-01
-5.852451361828781007e-02 6.630748261056126358e-01
