2.730022991906457808e-01 5.635489143750413987e-01
2.549251361037772057e-01 6.358575667225156991e-01
2.144075893756071105e-01 7.754873699938945597e-01
1.660966933525965805e-01 8.945495456812171398e-01
1.133714661932051504e-01 9.731452852223175798e-01
6.164286662580070741e-02 1.000000000000000000e+00
1.562200867276031246e-02 9.788530268366816278e-01
-2.286408854715787919e-02 9.230278055601636167e-01
-5.441304503143307159e-02 8.457200601639378590e-01
-8.032553259185593042e-02 7.562799423499217966e-01
-9.202818772460341634e-02 7.094693218189318529e-01
