2.341505524995577403e-01 8.425010337942042682e-01
2.270173984554639812e-01 8.710336499705793045e-01
2.124741750849423738e-01 9.217964741262378858e-01
1.964885049708489095e-01 9.611778836808526627e-01
1.770774468112752409e-01 9.891645426280919473e-01
1.528548185468247000e-01 1.000000000000000000e+00
1.247231532994955705e-01 9.852555056452133586e-01
9.599828904341611846e-02 9.425502714878410959e-01
7.048222270377335619e-02 8.799824423702056198e-01
5.034377090447994529e-02 8.109643316113819278e-01
4.174101554353648602e-02 7.765533101676080907e-01
