2.806453375168413977e-01 5.899545382159634421e-01
2.614283409194808616e-01 6.668225246054055866e-01
2.206148435221046977e-01 8.084800133948946144e-01
1.772796230209482404e-01 9.167469551972231567e-01
1.356531006195598188e-01 9.801121972997524079e-01
9.862659988527916477e-02 1.000000000000000000e+00
6.696345242901041717e-02 9.854755505777643698e-01
3.996565464132872947e-02 9.460044044246366246e-01
1.657083691893440625e-02 8.882932996228996014e-01
-3.982194538564742814e-03 8.170026431498513819e-01
-1.361375663911557066e-02 7.784763947476480705e-01
