2.230938532766004734e-01 7.645920733050404205e-01
2.133407626849062044e-01 8.036044356718174964e-01
1.918743105672421345e-01 8.777568826165039750e-01
1.663766181266015387e-01 9.404656290237549676e-01
1.366094326384790225e-01 9.840171454265482787e-01
1.025536634504296551e-01 1.000000000000000000e+00
6.523435772857422155e-02 9.807536088927422124e-01
2.753470413820757745e-02 9.246006928192667118e-01
-6.443067697115889558e-03 8.411206397964051673e-01
-3.354571483970231194e-02 7.482345605782740883e-01
-4.512385263007412384e-02 7.019220094167868407e-01
