3.394476836592645874e-01 4.505501240845890543e-01
3.136142679732787375e-01 5.538837868285324539e-01
2.589056113229925016e-01 7.438431724653770116e-01
2.012433523410807057e-01 8.880429313935009894e-01
1.452648180378312004e-01 9.728084837143619046e-01
9.352875493296192166e-02 1.000000000000000000e+00
4.837104879444936723e-02 9.793868406807186844e-01
1.181386910263376722e-02 9.268856406163688000e-01
-1.573324224940825244e-02 8.601883269327770254e-01
-3.560086378664123474e-02 7.923209317633528315e-01
-4.386539434436642626e-02 7.592628095324520654e-01
