3.808074233631189021e-01 4.126969425769571043e-01
3.530384135484077035e-01 5.237729818358018985e-01
2.942976394429394071e-01 7.277643139669179861e-01
2.324975499334436257e-01 8.823362572766666467e-01
1.736656785717769491e-01 9.719964538570720070e-01
1.217664003165804809e-01 1.000000000000000000e+00
7.800821073607844269e-02 9.801375425317664369e-01
4.146269084327258714e-02 9.269089602143882889e-01
1.031742786116079946e-02 8.501562336926251628e-01
-1.705197262618490806e-02 7.551408323007818835e-01
-2.995917255599112039e-02 7.035120325815570341e-01
