1.908724477440086886e-01 7.311411217466381451e-01
1.790600545240992325e-01 7.783906946262759696e-01
1.536912871623875576e-01 8.663093899313204505e-01
1.250554061697051189e-01 9.371375260584875466e-01
9.362416919894889222e-02 9.836482698801239932e-01
5.986359140391978029e-02 1.000000000000000000e+00
2.425552036301698022e-02 9.818007766342502496e-01
-1.238787701165977584e-02 9.267132052506464879e-01
-4.856619347534046893e-02 8.366224298685314142e-01
-8.218038557992907167e-02 7.198998039049306907e-01
-9.806043522976404248e-02 6.563796053055908075e-01
