2.144826154310646160e-01 7.376271395079312398e-01
2.037068256041352221e-01 7.807302988156488155e-01
1.798273874951289431e-01 8.631444029695970466e-01
1.512027040755778984e-01 9.334974180907760211e-01
1.179514131209659089e-01 9.822697441828621701e-01
8.087009260367472585e-02 1.000000000000000000e+00
4.147996314300772536e-02 9.799609352394863526e-01
1.833958966445226046e-03 9.207079916468750014e-01
-3.585923241191607547e-02 8.272353569278398933e-01
-6.966686453426251813e-02 7.100910804007666277e-01
-8.538824469429651121e-02 6.472055597606306554e-01
