2.392473581007930061e-01 6.992224252974197363e-01
2.270058628472706452e-01 7.481884063115091799e-01
1.995797060603564654e-01 8.427083719257740801e-01
1.664115698208470384e-01 9.242293059381847531e-01
1.285262227899394150e-01 9.800981276752099847e-01
8.847810026469826727e-02 1.000000000000000000e+00
4.987076625748337877e-02 9.815389161932361883e-01
1.595623468072288054e-02 9.321709368464790035e-01
-1.163207190196641205e-02 8.648594648684078123e-01
-3.300654987458628842e-02 7.914964117906209129e-01
-4.224616903451361427e-02 7.545379351509116095e-01
