2.099305637702131300e-01 7.863559070648795668e-01
2.016364369512144705e-01 8.195324143408742046e-01
1.829979073055036931e-01 8.837421300970051963e-01
1.596170153896918631e-01 9.408483167553409743e-01
1.300411737673623502e-01 9.834606474667701992e-01
9.266410315735068570e-02 1.000000000000000000e+00
4.657780535459038473e-02 9.747514202740215072e-01
-6.646591394946832487e-03 8.935512065009255656e-01
-6.164444672100327649e-02 7.565334575463149580e-01
-1.110514903043328672e-01 5.859273215154943149e-01
-1.334364955851647938e-01 4.963873003921666083e-01
