2.799278626757235600e-01 5.467456638794714330e-01
2.620362114051527636e-01 6.183122689617546186e-01
2.205101377757411329e-01 7.607821411205603068e-01
1.690449114605442338e-01 8.873470161097949394e-01
1.127184195154417035e-01 9.715043120112535346e-01
5.843826391882872562e-02 1.000000000000000000e+00
1.091047713569126554e-02 9.782566808247290524e-01
-2.886526478584855449e-02 9.204485161569203600e-01
-6.192101707366859387e-02 8.393136820397291142e-01
-8.939742514372239768e-02 7.444313793010650659e-01
-1.018505036722250345e-01 6.946190651870545185e-01
