2.627844611252190266e-01 5.879482007406791055e-01
2.398357429892521431e-01 6.797430732845466395e-01
1.959585098402818470e-01 8.343234908674244110e-01
1.571494923818501643e-01 9.328700407972911890e-01
1.235845127804957588e-01 9.843155228440738647e-01
9.360732648337827255e-02 1.000000000000000000e+00
6.621010938870580675e-02 9.868954920465189407e-01
4.126577896311472982e-02 9.501113391488178461e-01
1.887960234050645170e-02 8.947926317531029738e-01
-1.011818020012489328e-03 8.257733044615255258e-01
-1.035688423003311431e-02 7.883930396214430258e-01
