2.809674746965109549e-01 5.430900784572769702e-01
2.588360396432058952e-01 6.316158186704972088e-01
2.129925587925467489e-01 7.912776962757797072e-01
1.658488981024066611e-01 9.092770634534139695e-01
1.204874298291136459e-01 9.780701466194929861e-01
7.855429430598598328e-02 1.000000000000000000e+00
4.030382562118339784e-02 9.817528134578180632e-01
5.167001548635974384e-03 9.297263518549051531e-01
-2.750855664640200482e-02 8.485893148001566466e-01
-5.786114924515695090e-02 7.429648650698094103e-01
-7.242782117923940444e-02 6.846981773334795962e-01
