2.553707379405378841e-01 7.943483518579939062e-01
2.460343114356501326e-01 8.316940578775449122e-01
2.265653325913598026e-01 8.994374209153036537e-01
2.051866252685244918e-01 9.523273879003768538e-01
1.813503192187129187e-01 9.874098489336211593e-01
1.549992906066460230e-01 1.000000000000000000e+00
1.270273010145618331e-01 9.857888879536038651e-01
9.920185158504779555e-02 9.443491011409719249e-01
7.347726297232437531e-02 8.807896726859195669e-01
5.119905456200118943e-02 8.037870902742323409e-01
4.103109738128352113e-02 7.631152615513616677e-01
