2.348551313120141870e-01 7.084827217279050515e-01
2.232043820133282619e-01 7.550857189226487520e-01
1.969817698504977566e-01 8.454043047098261932e-01
1.647712833080273720e-01 9.243971406589115425e-01
1.269698536374831432e-01 9.798371940077815756e-01
8.563903302646380666e-02 1.000000000000000000e+00
4.445389340447142290e-02 9.799828749968084729e-01
7.353901966455689276e-03 9.258000171239685328e-01
-2.320182692522876344e-02 8.512156968837394366e-01
-4.681054183322952422e-02 7.702536997085965842e-01
-5.694639428437009432e-02 7.297102899040343038e-01
