2.471642689692663541e-01 7.441613356030103432e-01
2.361723250530755047e-01 7.881291112677737409e-01
2.125462973891649732e-01 8.699991381756961850e-01
1.853157718001252618e-01 9.370942731014952898e-01
1.538629083508729067e-01 9.831435783920676741e-01
1.181579502936924153e-01 1.000000000000000000e+00
7.975508652401841481e-02 9.804456726795741650e-01
4.193576768090140350e-02 9.243613623137659774e-01
8.361562940473410421e-03 8.419037396151731745e-01
-1.870630897949820959e-02 7.489414651530235112e-01
-3.046496768173301284e-02 7.019068303440842982e-01
