2.296611305891869126e-01 6.875012529940356387e-01
2.166956723041441046e-01 7.393630861342068705e-01
1.876469586481090968e-01 8.394746853873547021e-01
1.530515204178524158e-01 9.247488172188602640e-01
1.154259290272825478e-01 9.808865914686946130e-01
7.891683949317801483e-02 1.000000000000000000e+00
4.751152857730556178e-02 9.859903700869266929e-01
2.331086437049090243e-02 9.515986715863706813e-01
6.212764050637031854e-03 9.104954049205504774e-01
-5.226509087853825619e-03 8.716453783926995103e-01
-9.758716200232164795e-03 8.535165499431861535e-01
