2.461673505246917415e-01 6.662939011832782477e-01
2.309206052178858215e-01 7.272808824105019276e-01
1.988553095640610557e-01 8.387235146787821449e-01
1.640566575532305116e-01 9.251393690474620790e-01
1.266263420769615511e-01 9.805497861875427379e-01
8.523613061173562766e-02 1.000000000000000000e+00
3.804409656911461601e-02 9.747479636101477052e-01
-1.472151741946475800e-02 8.944687720228412520e-01
-6.847110428692432249e-02 7.607335890191895267e-01
-1.158875529663009885e-01 5.973038035704154591e-01
-1.370679923769451136e-01 5.125820459278389585e-01
