1.901065015746954412e-01 7.593875274274863862e-01
1.806130966460102183e-01 7.973611471422272778e-01
1.590400874200432746e-01 8.715735797488133318e-01
1.322912872443083865e-01 9.371507843975648289e-01
1.008666794430908009e-01 9.832445880772355817e-01
6.617204667631892967e-02 1.000000000000000000e+00
3.007232862049413757e-02 9.818395027881826609e-01
-5.685007814511255919e-03 9.284853271299892130e-01
-3.968622318536163540e-02 8.440785202406261289e-01
-7.075396313746412646e-02 7.362119365798784898e-01
-8.541732694190429243e-02 6.775584813621178260e-01
