2.878384852115682957e-01 7.372035571771686779e-01
2.787920557092723461e-01 7.733892751863524762e-01
2.574948577593002552e-01 8.463272985385646985e-01
2.279094917515397389e-01 9.177487990017618724e-01
1.867838912524206751e-01 9.762089970609653111e-01
1.343482781307767104e-01 1.000000000000000000e+00
7.754294550392781815e-02 9.718392775557603835e-01
2.690432712421486627e-02 8.987227632405740962e-01
-1.100427204081577681e-02 8.074748616809555024e-01
-3.634455251232293627e-02 7.215444430244841723e-01
-4.625412975427278806e-02 6.819061340566847651e-01
