2.467596404219336570e-01 6.945742205499256805e-01
2.340878245455725315e-01 7.452614840553701825e-01
2.061863923883680005e-01 8.416375964033449009e-01
1.730426324408045335e-01 9.231547325793152403e-01
1.346199987304621537e-01 9.794915099563776817e-01
9.132516426922615560e-02 1.000000000000000000e+00
4.391496270467459828e-02 9.753761428530620670e-01
-6.484832834936060664e-03 8.992004089207786821e-01
-5.776610005718191276e-02 7.711325456467139627e-01
-1.062975426370559862e-01 6.025121041567906843e-01
-1.293236563873569889e-01 5.104076491555866735e-01
