2.447452447245883622e-01 7.085352798104860295e-01
2.314862755836941677e-01 7.615711563740628076e-01
2.033835216669238610e-01 8.591383872652679221e-01
1.726024034206649072e-01 9.355444085336619420e-01
1.403746076874958781e-01 9.837095377372138127e-01
1.083352123617648544e-01 1.000000000000000000e+00
7.820969783604658776e-02 9.856234185372265699e-01
5.139062460612237038e-02 9.463618535401515652e-01
2.865974441197211009e-02 8.906117047248516272e-01
1.016933127863905995e-02 8.269384406185188441e-01
1.967306572305482781e-03 7.941303417931845354e-01
