2.807674434383964357e-01 5.754668757383383237e-01
2.643019974511827686e-01 6.413286596871929923e-01
2.266313514535855944e-01 7.708060436671981819e-01
1.791078854235073070e-01 8.870581757377382637e-01
1.226369732923764388e-01 9.698473538885639122e-01
6.189428877475394719e-02 1.000000000000000000e+00
4.074599041857862591e-03 9.727703486732903748e-01
-4.506180269896359336e-02 9.017271965183570881e-01
-8.360453132299699996e-02 8.080057610603685880e-01
-1.125346603659339584e-01 7.089212230985424412e-01
-1.248288111989492855e-01 6.597446197664811329e-01
