2.296041380809723531e-01 7.639382241118477523e-01
2.206323320560494849e-01 7.998254482115392250e-01
2.004237339339579593e-01 8.694230486027366700e-01
1.745219581623034255e-01 9.324633922432143951e-01
1.407536542839106231e-01 9.808966797960930739e-01
9.844756545616106802e-02 1.000000000000000000e+00
5.056934787432071365e-02 9.753245510420023301e-01
3.521513716958191154e-03 9.059043316852749550e-01
-3.651193756478210428e-02 8.081763630394188658e-01
-6.697640797721327033e-02 7.039795474720696999e-01
-7.977981230726893802e-02 6.527659301518470292e-01
