1.892335403351332879e-01 8.483692537160139047e-01
1.828050586966495361e-01 8.740831802699489117e-01
1.689910437715554936e-01 9.219537066837147909e-01
1.529401975358118948e-01 9.614409324418122793e-01
1.336606637567180345e-01 9.893857791700394477e-01
1.093935953310634646e-01 1.000000000000000000e+00
7.800898718856730252e-02 9.822682394531978556e-01
3.880651185317457452e-02 9.215950493292145440e-01
-5.107432485121632393e-03 8.113239311029165624e-01
-4.711881558482244881e-02 6.657216282538188645e-01
-6.668696913481764188e-02 5.874490140538380922e-01
