2.691302920613802829e-01 7.475492644954810917e-01
2.592959876347489256e-01 7.868864822020065208e-01
2.369840309326304295e-01 8.636566567349933665e-01
2.089900670595906673e-01 9.321222367565600297e-01
1.750511854378706822e-01 9.815774299758326382e-01
1.364844343232167745e-01 1.000000000000000000e+00
9.658696146157891294e-02 9.802467082288486289e-01
5.940744920487700531e-02 9.256409754865961848e-01
2.767210491528077076e-02 8.478611631033581286e-01
1.926884196220168821e-03 7.591894040311613079e-01
-9.509212718794790575e-03 7.134450163711014703e-01
