2.413566144012602166e-01 6.858443514715111267e-01
2.282506661890194577e-01 7.382681443204741623e-01
1.995006390464847401e-01 8.376241739603190739e-01
1.654617727104140679e-01 9.213459855627543771e-01
1.261347654917912564e-01 9.790677801871539021e-01
8.255918801729805745e-02 1.000000000000000000e+00
3.642019719020678226e-02 9.765043668345558814e-01
-1.131923905718623669e-02 9.045211275052139621e-01
-6.066408120556959771e-02 7.807304041420126683e-01
-1.103780493243320948e-01 6.069755707333972516e-01
-1.349909783766600757e-01 5.085238545240853281e-01
