3.171058705311715631e-01 5.726883278462462368e-01
2.976920774974620709e-01 6.503434999810842054e-01
2.560881622303684546e-01 7.945690388160745465e-01
2.106323083439332056e-01 9.076708688223291688e-01
1.644677427550977900e-01 9.771011660642157093e-01
1.200285335839867962e-01 1.000000000000000000e+00
7.895581406573237704e-02 9.804676557170722839e-01
4.223604284087933980e-02 9.265604575502939255e-01
1.025186560099961008e-02 8.477953527725801131e-01
-1.708728380532387181e-02 7.532355054452405385e-01
-2.962968291369294516e-02 7.030659090117642451e-01
