2.088183577592022111e-01 7.849193852560689688e-01
1.999016849593776568e-01 8.205860764553671860e-01
1.804879639705377903e-01 8.877439122217113399e-01
1.574595486243001163e-01 9.442977911032020000e-01
1.296084441759011163e-01 9.846802627088233617e-01
9.522512368996449705e-02 1.000000000000000000e+00
5.272875812675231755e-02 9.765672176315478570e-01
2.324708997929580967e-03 8.991919017423545268e-01
-5.211030285800938300e-02 7.628581329349082285e-01
-1.036188623774204620e-01 5.842876399528322828e-01
-1.276636768012631151e-01 4.881083822574616704e-01
