1.821065584699761430e-01 7.347447274836018671e-01
1.686205927778925417e-01 7.886885902519362723e-01
1.416916094186713160e-01 8.829615060216835509e-01
1.153231065557964730e-01 9.491415294145708614e-01
8.989387126308190368e-02 9.874962499030226493e-01
6.484770557127383928e-02 1.000000000000000000e+00
3.924685500980407138e-02 9.869415650333609458e-01
1.246634535018104062e-02 9.464389806807539385e-01
-1.524789055817804551e-02 8.770183476486606011e-01
-4.266142504391429169e-02 7.813563709210907815e-01
-5.608279831427542828e-02 7.276708778396462352e-01
