3.174107871772551270e-01 4.686974646828221402e-01
2.944901388388666552e-01 5.603800580363760275e-01
2.435185969811399787e-01 7.362153319479445290e-01
1.851184698738931322e-01 8.810664796817764266e-01
1.256517097147813455e-01 9.708824734287968550e-01
7.089172520363490326e-02 1.000000000000000000e+00
2.351200665671721035e-02 9.782627393930256599e-01
-1.648830182119326304e-02 9.199993830441790532e-01
-4.998177613570037314e-02 8.377820079715938562e-01
-7.768259946474542765e-02 7.422091410989846150e-01
-9.015299635021944979e-02 6.923275535570885264e-01
