2.716387822937371688e-01 6.259868942583537432e-01
2.510530188596324930e-01 7.083299479947724464e-01
2.106363743556187718e-01 8.501656449409182859e-01
1.743832264992577485e-01 9.425028217235493777e-01
1.456346373610324374e-01 9.876736776482266666e-01
1.243600532951774640e-01 1.000000000000000000e+00
1.083945459507033582e-01 9.929827543696074788e-01
9.464080053351880961e-02 9.724925091656309029e-01
8.020073820946610477e-02 9.359088219802649267e-01
6.344639126371376392e-02 8.765949967345161298e-01
5.439560685522204508e-02 8.403918591005492544e-01
