2.174507783265453575e-01 7.953123317469228404e-01
2.098209333706513302e-01 8.258317115704989497e-01
1.921779529344607162e-01 8.863904978349648189e-01
1.692417094470417549e-01 9.422761202900993283e-01
1.403797695920914190e-01 9.840611681521720389e-01
1.061727771670550879e-01 1.000000000000000000e+00
6.882994897898508935e-02 9.809253323891383713e-01
3.169651309587262489e-02 9.257331282337750711e-01
-2.056390648349504247e-03 8.425331852733595195e-01
-3.056827951455787229e-02 7.441797652804973406e-01
-4.338603290879494701e-02 6.929087517035490418e-01
