1.949265644760589389e-01 7.196465940453973253e-01
1.817733313939990936e-01 7.722595263736367066e-01
1.546857754559346487e-01 8.666754272698898864e-01
1.259259637841295687e-01 9.381293734695046460e-01
9.499065051888189171e-02 9.838901755505528035e-01
6.096968679641923128e-02 1.000000000000000000e+00
2.300123701177031466e-02 9.799426894883664918e-01
-1.891841252050463495e-02 9.161607009354501008e-01
-6.292179739375874936e-02 8.060128853363293100e-01
-1.050766870645440942e-01 6.595343725058004924e-01
-1.250905308827168216e-01 5.794789972331095829e-01
