3.249645034719654824e-01 4.203640355284883334e-01
2.914737668674057813e-01 5.543269819467271375e-01
2.262002701158140061e-01 7.836382088060621642e-01
1.720314357075518608e-01 9.237586377696185291e-01
1.339107545923611253e-01 9.842653931460393357e-01
1.051256142301749685e-01 1.000000000000000000e+00
8.009356465444339435e-02 9.880184839324939183e-01
5.703871949301742017e-02 9.538903096771480516e-01
3.607285940205096075e-02 9.020660584981685659e-01
1.770064591737674498e-02 8.384697355565182697e-01
9.220963429749096107e-03 8.045510056060076742e-01
