2.595097268470936136e-01 5.376455193646487718e-01
2.362211795499811195e-01 6.307997085530987480e-01
1.888594608540016262e-01 7.961734119381497221e-01
1.420351788883698063e-01 9.138951472682803612e-01
9.898275252250998690e-02 9.796986842009050012e-01
6.132757483465628434e-02 1.000000000000000000e+00
2.958028918019989240e-02 9.856065762343022563e-01
3.351078745103430734e-03 9.475415791298070767e-01
-1.834662711515128164e-02 8.942842482184416575e-01
-3.662913627504088554e-02 8.310161307697392363e-01
-4.504972624407455051e-02 7.973337708936045765e-01
