2.034603720328047594e-01 7.788677699934729581e-01
1.954231212670110018e-01 8.110167730566479882e-01
1.771823874317055569e-01 8.737762253283580804e-01
1.529294138467353070e-01 9.324856555678102676e-01
1.191722416306404408e-01 9.802923182993636964e-01
7.372603335459243512e-02 1.000000000000000000e+00
1.915487355381162438e-02 9.711673667746308913e-01
-3.627610593969571307e-02 8.891380410129853251e-01
-8.347850283543523098e-02 7.741291965939050002e-01
-1.183820191998442573e-01 6.551191817638701842e-01
-1.326814849366519944e-01 5.979213188166392356e-01
