3.265765517451368893e-01 6.056417333061121511e-01
3.097399639080081757e-01 6.729880846546270057e-01
2.722634214010043463e-01 8.022543000127672075e-01
2.289722723165530383e-01 9.094765528515449393e-01
1.837105487423255079e-01 9.773894708403486620e-01
1.395433346647502737e-01 1.000000000000000000e+00
9.734616986223815216e-02 9.793595201154117191e-01
5.673219903976939316e-02 9.187720583550624820e-01
1.798996671407210313e-02 8.225188523158510900e-01
-1.716143930842967125e-02 7.006819696136608044e-01
-3.354410394311468924e-02 6.351513110749207325e-01
