1.862724123462988768e-01 8.029281491130833004e-01
1.767628985401351605e-01 8.409662043377381657e-01
1.573017479109087846e-01 9.088591700315810096e-01
1.372222555908124697e-01 9.589697914948362989e-01
1.167071513382306192e-01 9.896127512444518048e-01
9.478581463788049444e-02 1.000000000000000000e+00
6.815388527656629503e-02 9.849021585834877301e-01
3.005263688494225205e-02 9.237975032167519140e-01
-2.722924003470628129e-02 7.749552794329180871e-01
-1.017583012981599366e-01 5.111175043236402260e-01
-1.420088926170768318e-01 3.501151390479726455e-01
