2.305211613718336494e-01 7.666317096273822518e-01
2.212516046966958028e-01 8.037099363279336384e-01
2.003689180179897278e-01 8.756275530391897099e-01
1.746395531578527338e-01 9.386994127630319262e-01
1.439892595393686969e-01 9.834659412380847288e-01
1.088657732650639143e-01 1.000000000000000000e+00
7.037337794960230042e-02 9.800970321969278976e-01
3.050285534053637226e-02 9.202589547818681437e-01
-7.908287760999443972e-03 8.249930802832545762e-01
-4.193310623408763593e-02 7.073373946864437434e-01
-5.751433641163383736e-02 6.450124739762589376e-01
