1.837990992023679215e-01 8.508008790685763767e-01
1.758001330909667592e-01 8.827967435141810260e-01
1.604278376027927777e-01 9.369125960901041328e-01
1.463663400483533605e-01 9.724089205757557863e-01
1.325708003362312537e-01 9.928926284655444912e-01
1.156602340445480603e-01 1.000000000000000000e+00
9.142573759985378468e-02 9.855686983125333533e-01
5.893049918414261512e-02 9.350095231685776609e-01
2.333376560253291876e-02 8.462832591519930947e-01
-7.538127088668467035e-03 7.403284852405527250e-01
-2.087722292650473488e-02 6.869721018892076536e-01
