2.108275113498703224e-01 7.063421197472976587e-01
1.990915379651271300e-01 7.532860132862704283e-01
1.723626775324678118e-01 8.452085679689915754e-01
1.394513675876785097e-01 9.260240749064863053e-01
1.024634050409216623e-01 9.809304603501163289e-01
6.577314561706826268e-02 1.000000000000000000e+00
3.376575373069368169e-02 9.856133278875951476e-01
8.429049563655754973e-03 9.493265916659241466e-01
-1.081847990305850882e-02 9.025340353204144295e-01
-2.570380760755769378e-02 8.512902219144988791e-01
-3.229163789997568923e-02 8.249389007448268973e-01
