2.734524811706027236e-01 7.504797654110104688e-01
2.618072751150353206e-01 7.970605896332800810e-01
2.372833968579589614e-01 8.822774304600765616e-01
2.110588067719824101e-01 9.476052828335386202e-01
1.848614481887517202e-01 9.871485593012369053e-01
1.604465758018124300e-01 1.000000000000000000e+00
1.389744403425020036e-01 9.900912962288657138e-01
1.207681921514966450e-01 9.635875036179892827e-01
1.055295468633939970e-01 9.261691121735524668e-01
9.272736711566631485e-02 8.819014940508732581e-01
8.686628823617015271e-02 8.584571785328886095e-01
