2.552464592047933856e-01 6.393941191925969214e-01
2.394630018802146321e-01 7.025279484909119354e-01
2.047793092907199686e-01 8.223624835839746794e-01
1.654834917571513797e-01 9.198543539160277671e-01
1.254106687151652633e-01 9.803227592266665624e-01
8.846453845737023425e-02 1.000000000000000000e+00
5.692232850726408611e-02 9.857266795343554433e-01
3.113767024579594533e-02 9.484306834770637185e-01
1.035411943968361781e-02 8.975913688545502644e-01
-6.439820197806256363e-03 8.396878233148795667e-01
-1.396154682500738708e-02 8.096009168060750438e-01
