2.705818569066411605e-01 6.733828075926040491e-01
2.586685514899224048e-01 7.210360292594790721e-01
2.311171007892979246e-01 8.156036867780712685e-01
1.946156065855390027e-01 9.042448204694948366e-01
1.467380168202864210e-01 9.729857591546006157e-01
8.874323762333591326e-02 1.000000000000000000e+00
2.866807649163782834e-02 9.709053772198530385e-01
-2.271326303471382646e-02 8.972373209472966904e-01
-5.994209209669898453e-02 8.078375505075459095e-01
-8.450672595794633812e-02 7.245211273783369599e-01
-9.412924750341322699e-02 6.860310411964694044e-01
