2.985260530460509543e-01 6.479531621018921328e-01
2.860533484915936953e-01 6.978439803197211688e-01
2.560089516124923747e-01 8.004498755114823894e-01
2.153512777892229169e-01 8.993369154826653666e-01
1.650197355305556002e-01 9.727544392399580797e-01
1.098541370710077736e-01 1.000000000000000000e+00
5.741770953629127261e-02 9.754836101647894608e-01
1.410535389378425597e-02 9.133752887149859667e-01
-1.780905904748941726e-02 8.364280156984613690e-01
-3.963763241730117182e-02 7.622321693531916020e-01
-4.834775865313567511e-02 7.273916644098535889e-01
