2.211734029437160132e-01 7.202314550378003943e-01
2.068832572406036352e-01 7.773920378502499062e-01
1.782662825985039667e-01 8.775331074796612896e-01
1.503026549463097883e-01 9.477871917230369370e-01
1.241962508078282568e-01 9.875303945747253564e-01
1.006046239967345324e-01 1.000000000000000000e+00
7.963062985334745658e-02 9.901480272424320050e-01
6.098739832620769796e-02 9.627135369457204828e-01
4.425963228824042472e-02 9.213214976013903712e-01
2.910986884956395793e-02 8.686589511150800691e-01
2.189661267928300070e-02 8.398059264339562402e-01
