2.607880929351675814e-01 7.729182950293493892e-01
2.513189270637243844e-01 8.107949585151221772e-01
2.305794548383589548e-01 8.824825410626616629e-01
2.060768784131031817e-01 9.427580002670954418e-01
1.774558785466509025e-01 9.846112702048812615e-01
1.443789191343037293e-01 1.000000000000000000e+00
1.068795333460043073e-01 9.801888438289290129e-01
6.602801672094793517e-02 9.182969667498872557e-01
2.444080608742182914e-02 8.145756953032943226e-01
-1.423611552389858481e-02 6.804148590375533878e-01
-3.236618695567827775e-02 6.078945733104346161e-01
