2.204254556333722359e-01 5.865695049469510369e-01
1.992594728132294213e-01 6.712334362275222954e-01
1.564772940022003400e-01 8.207459554807523538e-01
1.150031268633391335e-01 9.253104857493610336e-01
7.765836973801965026e-02 9.825132140226554567e-01
4.453917904877230383e-02 1.000000000000000000e+00
1.426435682370852387e-02 9.853575824868390232e-01
-1.476990991531851316e-02 9.419314665219459259e-01
-4.359299375230840656e-02 8.698540642368423059e-01
-7.212723938307408211e-02 7.701483163249034369e-01
-8.623025040271592445e-02 7.137362722463360676e-01
