2.840256843189259417e-01 5.481636786663330874e-01
2.631296664506918015e-01 6.317477501392696482e-01
2.184833228861522425e-01 7.865827987011224653e-01
1.705547128962714432e-01 9.061903443771894828e-01
1.236498850848661846e-01 9.772734564821701220e-01
8.084293599296898947e-02 1.000000000000000000e+00
4.395850119123723143e-02 9.831959707723355590e-01
1.375781492284222640e-02 9.395986274632099899e-01
-9.878765690153945567e-03 8.820855426649520936e-01
-2.767854826537569091e-02 8.211263359363306646e-01
-3.523840726833182835e-02 7.908868999245061149e-01
