2.068166184611783809e-01 7.359288756245976337e-01
1.945376119306274632e-01 7.850449017468013047e-01
1.694684646483749502e-01 8.725313501241097613e-01
1.425648354320555589e-01 9.391287493084501392e-01
1.121292100862806285e-01 9.836778631188428657e-01
7.752298915413891045e-02 1.000000000000000000e+00
4.060013017371905120e-02 9.813612250705647799e-01
4.842046528876764455e-03 9.284838327103154265e-01
-2.684384038958742558e-02 8.505454806703298676e-01
-5.329661960361709028e-02 7.593009420172683877e-01
-6.518282061458957610e-02 7.117561379733784444e-01
