3.422188430802624026e-01 6.550927534193102808e-01
3.267099469040166682e-01 7.171283381242932187e-01
2.934984321052664935e-01 8.322717786967894771e-01
2.567875371653799421e-01 9.233961871990670200e-01
2.184856307649134521e-01 9.807063699169156212e-01
1.803834841282250245e-01 1.000000000000000000e+00
1.436540936933533019e-01 9.820791261187322707e-01
1.088942696322888759e-01 9.304803518778711480e-01
7.648983480904408827e-02 8.501059975879334818e-01
4.692643886819247712e-02 7.474178984679751281e-01
3.292852757078890136e-02 6.914262532783608250e-01
