3.307084157948023684e-01 6.086785598876363057e-01
3.144744388913455202e-01 6.736144675014636984e-01
2.779323896011418604e-01 7.994745922755315259e-01
2.345102801405855031e-01 9.066268835833910522e-01
1.878237219322810292e-01 9.764274788655050719e-01
1.422276757062770902e-01 1.000000000000000000e+00
1.001944314767961308e-01 9.799902808620279959e-01
6.127719493107869342e-02 9.221655269085651252e-01
2.337642128028316613e-02 8.273707233639240322e-01
-1.493473671745726428e-02 6.931193476160123490e-01
-3.425263847214765622e-02 6.158477405972507812e-01
