2.330066189390420650e-01 7.368853013451746037e-01
2.198241927804247542e-01 7.896150059796438470e-01
1.935985437770584294e-01 8.814743791483601321e-01
1.674452012585346816e-01 9.468242870301566416e-01
1.408573447736130024e-01 9.865222631888530547e-01
1.134721632019738413e-01 1.000000000000000000e+00
8.552037672160434090e-02 9.859556582801227709e-01
5.788881090713904332e-02 9.447368683710694048e-01
3.186936739215351366e-02 8.802657619207008288e-01
8.694297056646649313e-03 7.999976999990708881e-01
-2.048553858462698329e-03 7.570262963386334976e-01
