2.300128132915977286e-01 6.236487113338551325e-01
2.123233442766577772e-01 6.944065873936149380e-01
1.750192442796426606e-01 8.240083563996002392e-01
1.355468929789085397e-01 9.225676899831436462e-01
9.683073797048036280e-02 9.811415653102307788e-01
6.063955282859001539e-02 1.000000000000000000e+00
2.762962124805989905e-02 9.843228188715910099e-01
-1.961644733911249716e-03 9.408174680360577025e-01
-2.784625625032610685e-02 8.770777183403752897e-01
-4.970482984498147960e-02 8.016139506246064972e-01
-5.959287677678415385e-02 7.620617628973958002e-01
