2.305163000634178339e-01 7.448940291094059418e-01
2.203642326397157181e-01 7.855022988042144050e-01
1.977149261721540263e-01 8.636022856306015960e-01
1.698102836317640918e-01 9.319088097552410410e-01
1.357646885093846123e-01 9.813618083741508791e-01
9.545651387959225298e-02 1.000000000000000000e+00
4.997095054083444676e-02 9.761844196651854322e-01
1.771795463978931284e-03 9.036016898462889690e-01
-4.554131877583506016e-02 7.860459218688879979e-01
-8.808489528949237091e-02 6.388011553120317432e-01
-1.076989323053766379e-01 5.603450072484946753e-01
