2.546641509842155759e-01 6.331689744948640897e-01
2.391076466298760472e-01 6.953949919122222045e-01
2.047597808720139634e-01 8.139950935401479848e-01
1.646534215360389020e-01 9.129991736156206628e-01
1.211530083438492333e-01 9.778145847402628377e-01
7.813255351063091991e-02 1.000000000000000000e+00
3.953321779839791272e-02 9.822357038612481439e-01
7.554401576023939135e-03 9.360423675552520528e-01
-1.784321321817267103e-02 8.740640432562842843e-01
-3.802909644406665679e-02 8.045036050632828895e-01
-4.703188495938614988e-02 7.684924510020049171e-01
