2.543871567973901016e-01 5.657474582644050898e-01
2.352595212274308789e-01 6.422580005442419804e-01
1.933027136812742741e-01 7.872560587526710174e-01
1.461236184367442625e-01 9.044434212179284227e-01
9.834532904570847389e-02 9.765716338772968408e-01
5.376362494004771619e-02 1.000000000000000000e+00
1.401043270161267396e-02 9.814001457445225007e-01
-2.062885417514714881e-02 9.307214262464803545e-01
-5.002526754765462824e-02 8.585716187502403507e-01
-7.398013472584630268e-02 7.761091307886986979e-01
-8.457802115281287669e-02 7.337175850808324018e-01
