2.075042554225399183e-01 7.788811594032847285e-01
1.978120338893860630e-01 8.176500455359001496e-01
1.767918012259351856e-01 8.904029650594066370e-01
1.529575556391660207e-01 9.493994673632419889e-01
1.276572893207870152e-01 9.872059681380931373e-01
1.028432860869540888e-01 1.000000000000000000e+00
8.035568317252866910e-02 9.895323684575005885e-01
6.121751599285701895e-02 9.617236656406566997e-01
4.549924619608752829e-02 9.232393918875205774e-01
3.269184443659772787e-02 8.790575190091585167e-01
2.693217683670512397e-02 8.560188486095881011e-01
