1.865911200251761937e-01 7.738818427208475903e-01
1.769666495504871317e-01 8.123797246196038380e-01
1.560835492255847612e-01 8.846534960690000116e-01
1.318446234069770018e-01 9.443899775564288390e-01
1.040396121851914213e-01 9.851752847466088703e-01
7.251066118647736536e-02 1.000000000000000000e+00
3.757782841850237920e-02 9.817714029773478845e-01
5.080551211122386057e-04 9.258604534052197188e-01
-3.659133487498067439e-02 8.334034596916790605e-01
-7.149847373468232181e-02 7.120331179742273031e-01
-8.814739887302913690e-02 6.454374174208400428e-01
