2.630153400723231893e-01 6.595340552530313261e-01
2.497503343204232618e-01 7.125940782606310364e-01
2.195194049015209981e-01 8.165518722692377551e-01
1.815980596650018652e-01 9.093604864092783568e-01
1.362783028696410437e-01 9.756356647741559751e-01
8.594591491005670880e-02 1.000000000000000000e+00
3.507899387556046022e-02 9.751011316992440614e-01
-1.122976264347941289e-02 9.073824869619202538e-01
-4.940809309193938681e-02 8.142573838348242665e-01
-7.849150097040785701e-02 7.146921945511264251e-01
-9.080646661870028780e-02 6.654323319579567020e-01
