1.901173568137672909e-01 7.709989144272295647e-01
1.803170900087645023e-01 8.101999816472407190e-01
1.591602560843461411e-01 8.834707502254985911e-01
1.347299858887147650e-01 9.436878577361769160e-01
1.065739147568032230e-01 9.849176319443042615e-01
7.406954477273042237e-02 1.000000000000000000e+00
3.690802295887707363e-02 9.802604801145237134e-01
-3.921213480800211926e-03 9.183415271206454289e-01
-4.539545755065033106e-02 8.150085114652960705e-01
-8.321832584327137905e-02 6.841015658104609987e-01
-1.006566666202433069e-01 6.143482027025732872e-01
