1.940596589804219896e-01 7.267079455952258904e-01
1.823923190985754506e-01 7.733773051226120465e-01
1.568318303782627599e-01 8.617261111653966577e-01
1.271904831463234187e-01 9.349019544677414917e-01
9.464146038019416451e-02 9.831991756273439353e-01
6.094110022724674725e-02 1.000000000000000000e+00
2.772881955875078352e-02 9.836872551117954444e-01
-4.081990269553803508e-03 9.363783803433908259e-01
-3.429466831870325860e-02 8.612384111360424921e-01
-6.287519009809183768e-02 7.616309371275375995e-01
-7.674109876843093758e-02 7.061673024461811998e-01
