2.653693388644056128e-01 7.258639247574274478e-01
2.538379736433271638e-01 7.719893856417412437e-01
2.284401185379442145e-01 8.597143161789685406e-01
1.985958924394052305e-01 9.332692582603510090e-01
1.652305215695807350e-01 9.826123653444099881e-01
1.301851411774479494e-01 1.000000000000000000e+00
9.584525718347469692e-02 9.833178617425695212e-01
6.427445065453907258e-02 9.368583869421287513e-01
3.637424016681756189e-02 8.680464237504693648e-01
1.181549970077172551e-02 7.828230041025023844e-01
2.683014509422543270e-04 7.366342111031844997e-01
