2.224628549475051731e-01 6.778721045043369919e-01
2.071429320583458855e-01 7.391517960609741422e-01
1.754104122393177478e-01 8.496692784072178428e-01
1.422634612002235954e-01 9.323757774152749978e-01
1.084513499078610943e-01 9.829222428168628012e-01
7.385197625512202046e-02 1.000000000000000000e+00
3.896439888719505085e-02 9.826340391016749054e-01
5.645133425975945585e-03 9.333614690775617895e-01
-2.369418038951143224e-02 8.612968321939936667e-01
-4.747203130841098906e-02 7.795714377709888065e-01
-5.786387297471717872e-02 7.380040711057640479e-01
