1.648642304032308381e-01 8.393975578079113653e-01
1.576083627178680446e-01 8.684210285493625392e-01
1.425013745756902317e-01 9.209978606612587715e-01
1.258731032061194410e-01 9.621055238572153723e-01
1.069258651347271272e-01 9.898299128413634573e-01
8.473211492550580815e-02 1.000000000000000000e+00
5.864423204129132206e-02 9.859357801663702903e-01
2.889510621708191174e-02 9.405017483515811794e-01
-2.920007217813713751e-03 8.607413140374740035e-01
-3.403686500632691070e-02 7.524040903277371406e-01
-4.902351535052418274e-02 6.924574889509480524e-01
