2.530013683575824679e-01 7.684565213423195651e-01
2.407202395049506949e-01 8.175810367528466571e-01
2.166176911589391407e-01 9.021698106435130926e-01
1.939808727495949681e-01 9.592648669555812191e-01
1.736133062273855776e-01 9.904478323937550011e-01
1.559719482362414977e-01 1.000000000000000000e+00
1.414332461358882020e-01 9.935504882845458408e-01
1.301450332524868303e-01 9.774235742331972565e-01
1.217479810429556442e-01 9.570711187725509106e-01
1.154218489868683584e-01 9.353249415897857411e-01
1.126540679723651017e-01 9.242538175317727145e-01
