3.879286717238841220e-01 3.163173666443590548e-01
3.551379905360849687e-01 4.474800913955556680e-01
2.828499086558345921e-01 6.971350182241059512e-01
2.098562010423991042e-01 8.826198341434281502e-01
1.511661181141131793e-01 9.748062239926983397e-01
1.050336607252867482e-01 1.000000000000000000e+00
6.493265890609178914e-02 9.808376795623298117e-01
2.803603552079814154e-02 9.262067532294127048e-01
-5.625302201804016633e-03 8.429570430092296895e-01
-3.540665655751473739e-02 7.397586603613655054e-01
-4.926097613824675925e-02 6.843413820384374180e-01
