2.712583860345123554e-01 5.805772835893212580e-01
2.518358059442467045e-01 6.582676039503838616e-01
2.102833180623712162e-01 8.023476476862759776e-01
1.656901014438172393e-01 9.136639887149937689e-01
1.225220958013141237e-01 9.792953031844410239e-01
8.390163067627376403e-02 1.000000000000000000e+00
5.102311280402516136e-02 9.850372504372327809e-01
2.380435644504302894e-02 9.455624872820357352e-01
1.601166078054994113e-03 8.912089229772865995e-01
-1.641748521946473360e-02 8.290815013579807546e-01
-2.448895294621133978e-02 7.967956304509943299e-01
