2.229003519255032817e-01 6.665459366990647005e-01
2.067445611620620793e-01 7.311690997528295100e-01
1.735429042571493552e-01 8.469298612310088847e-01
1.394579330591849686e-01 9.321456697684091797e-01
1.055307679433895585e-01 9.831119399406974546e-01
7.158063761872041075e-02 1.000000000000000000e+00
3.724926006780127086e-02 9.827306927144474624e-01
3.269151459969865670e-03 9.320397827843371896e-01
-2.835237357867936847e-02 8.538860089906683548e-01
-5.546517122766153607e-02 7.603455421111100510e-01
-6.766724516027333713e-02 7.115372463806628467e-01
