2.565338228759272976e-01 6.705692328981944783e-01
2.437317976094767191e-01 7.217773339639967922e-01
2.146134030058124420e-01 8.219345430414402021e-01
1.779747573127773430e-01 9.115282037647240987e-01
1.337388591951393924e-01 9.760863782381834497e-01
8.435474182904623142e-02 1.000000000000000000e+00
3.499226289997131589e-02 9.761080166752016396e-01
-8.812690077689699919e-03 9.123900940446779684e-01
-4.411495861732556145e-02 8.263962580786330392e-01
-7.111745276119607606e-02 7.337755803899241869e-01
-8.273064801829344006e-02 6.873227993615347309e-01
