2.775739617141179671e-01 5.673132804770273374e-01
2.577488190981784832e-01 6.466138509407852730e-01
2.154137956156036982e-01 7.934440640044491122e-01
1.693704780721958514e-01 9.080405799579001069e-01
1.233907680511459048e-01 9.775537266557225990e-01
8.109398646728943616e-02 1.000000000000000000e+00
4.426697332567630649e-02 9.830234950979659381e-01
1.258495338964266130e-02 9.366359601279327096e-01
-1.532878447785235299e-02 8.676002615594472500e-01
-4.068373633072386308e-02 7.793886769814566406e-01
-5.283046535009994216e-02 7.308017609039523244e-01
