2.437051941525467669e-01 7.666666032455238255e-01
2.346198018145689845e-01 8.030081725974349549e-01
2.142484901844010636e-01 8.732074998259165000e-01
1.886990352256698866e-01 9.355923290355689925e-01
1.564951997434543829e-01 9.820597001843255347e-01
1.170521586464927655e-01 1.000000000000000000e+00
7.243681145631358786e-02 9.768873940911080300e-01
2.817800260246527966e-02 9.114823822923033836e-01
-9.186081455199890389e-03 8.205363330642641007e-01
-3.613481039854798960e-02 7.289592984035806467e-01
-4.686565822918720148e-02 6.860359070810237991e-01
