3.357095992648697624e-01 5.350611386133095060e-01
3.155387565786043069e-01 6.157445093583713280e-01
2.721456940433837346e-01 7.660945396502985005e-01
2.225697237220028990e-01 8.884687001420152885e-01
1.668040737930105433e-01 9.705881005434333630e-01
1.067719557304124267e-01 1.000000000000000000e+00
4.798309270961875761e-02 9.718313555852378105e-01
-2.875156681896029465e-03 8.982835012169704259e-01
-4.214212578160553280e-02 8.031721988945945689e-01
-7.027799439458765063e-02 7.072060885656229479e-01
-8.183649888461286270e-02 6.609720706055220996e-01
