2.372861055172901246e-01 7.521056269106614067e-01
2.261779942141417532e-01 7.965380721232548922e-01
2.026909725070110690e-01 8.781072485477953160e-01
1.766513662838168353e-01 9.425653713981660964e-01
1.479340519828998834e-01 9.849433815182949692e-01
1.164052985531202622e-01 1.000000000000000000e+00
8.237819196416285017e-02 9.824450283591171784e-01
4.695346590183241409e-02 9.291505478753391278e-01
1.189184863840597739e-02 8.418354505065074322e-01
-2.094089204523419401e-02 7.276963506139255689e-01
-3.658176988689554321e-02 6.651328392472801720e-01
