2.834392642550391805e-01 8.417303169295258236e-01
2.753291279041156780e-01 8.741708623332198336e-01
2.594848757136564155e-01 9.298137552555211238e-01
2.440996737942177086e-01 9.683182749339342976e-01
2.282588112611848574e-01 9.918102235468700956e-01
2.106150054316155984e-01 1.000000000000000000e+00
1.899192171071325541e-01 9.887582410519563103e-01
1.656281759225490813e-01 9.514179176308330543e-01
1.383321958125709461e-01 8.825792595374384319e-01
1.096914277316596298e-01 7.822628850872315187e-01
9.529735752418666550e-02 7.246866042573396616e-01
