2.385334242181329500e-01 7.181828398126786084e-01
2.272646587114561800e-01 7.632579018393856884e-01
2.016181409560627857e-01 8.514662206122426413e-01
1.701376983295856959e-01 9.288048581139134452e-01
1.345401273865424185e-01 9.815051194347171881e-01
9.806256565530974134e-02 1.000000000000000000e+00
6.424923923003816872e-02 9.841693547406782372e-01
3.553869950565918812e-02 9.425789205512420388e-01
1.272277330009780050e-02 8.870110363996150937e-01
-4.655630018348178023e-03 8.274334548663353495e-01
-1.209800159629004224e-02 7.976639685545678926e-01
