2.266577803560017035e-01 4.997411847693935538e-01
1.972190247306816469e-01 6.174962072706737803e-01
1.413133502495906857e-01 8.146519863392667204e-01
9.537115152485409197e-02 9.330033026445108124e-01
6.187280284710949818e-02 9.859769311912210954e-01
3.690825993917840053e-02 1.000000000000000000e+00
1.669174401082745840e-02 9.907249581708013064e-01
-8.951775611865109283e-04 9.648261568559720613e-01
-1.690383216093044316e-02 9.251120727995554294e-01
-3.182493410709569259e-02 8.731244398718231992e-01
-3.904926119633223003e-02 8.442271315148770494e-01
