2.275177428208690067e-01 6.797683774099638754e-01
2.139056420959697391e-01 7.342167803095609457e-01
1.835617561551589061e-01 8.388605388568927124e-01
1.483239247078965706e-01 9.260679869673289488e-01
1.113579181915610450e-01 9.815400397150152445e-01
7.574971846189770819e-02 1.000000000000000000e+00
4.305571930158114125e-02 9.844542402843620144e-01
1.327359289932245057e-02 9.404357471954826186e-01
-1.420271867265598953e-02 8.722431791661680034e-01
-3.973484158976514635e-02 7.833546323830891112e-01
-5.202701962151656812e-02 7.341859202560834241e-01
