2.115033045525342992e-01 8.270605096189931338e-01
2.073477329754721543e-01 8.436827959272417132e-01
1.954499553340073303e-01 8.835317004286983300e-01
1.742919095009757280e-01 9.335899981591642138e-01
1.410869085805578349e-01 9.802108388482110302e-01
9.744158833763899574e-02 1.000000000000000000e+00
5.016553631038100924e-02 9.765801070638718828e-01
7.176110718325523496e-03 9.140211488158890285e-01
-2.748009925040717505e-02 8.296220515656183014e-01
-5.413521298678547478e-02 7.380882739329104325e-01
-6.570364941035844453e-02 6.918145282386185535e-01
