3.863461140923196702e-01 4.083810699569929703e-01
3.601065041515791876e-01 5.133395097199549006e-01
3.024403720686054120e-01 7.125775159096167100e-01
2.380337355595716353e-01 8.728173110699175563e-01
1.744423910945304135e-01 9.693887699017592618e-01
1.176044498252706294e-01 1.000000000000000000e+00
6.951233559663233530e-02 9.781345969423806963e-01
2.938359396809614443e-02 9.197425167429276183e-01
-4.094196636377167575e-03 8.375724835004245694e-01
-3.170755486613224816e-02 7.423335026149606719e-01
-4.410646106233095942e-02 6.927378778301658269e-01
