1.889975719113905495e-01 6.419113320983504956e-01
1.720181801528832821e-01 7.098288991323795649e-01
1.363054247380537376e-01 8.339465571353754658e-01
9.878723604182382267e-02 9.277162981841575728e-01
6.264538513390260910e-02 9.826429741319864242e-01
2.999574645454466948e-02 1.000000000000000000e+00
1.320811579924474621e-03 9.866176779367241689e-01
-2.405025706619517978e-02 9.492578627077606912e-01
-4.712684246348231021e-02 8.920168530987431232e-01
-6.866019707072279488e-02 8.169712734842244917e-01
-7.910571286351997244e-02 7.751892103130357814e-01
