2.030585134700249039e-01 7.233981935679389963e-01
1.923148932911464826e-01 7.663726742834526817e-01
1.672430980964855207e-01 8.523316800463139886e-01
1.358064683989116395e-01 9.295331144572442916e-01
1.005730256275337853e-01 9.818750119104134866e-01
6.517463957726898904e-02 1.000000000000000000e+00
3.266853974548955541e-02 9.847672981288988492e-01
4.653477892586743714e-03 9.439698762941943766e-01
-1.853787549743318719e-02 8.871781761059363003e-01
-3.727665086507181424e-02 8.226320680436000066e-01
-4.560643282449217129e-02 7.893129402059185784e-01
