2.593775891125291722e-01 7.703796082941911649e-01
2.489205599851418427e-01 8.122077248037404829e-01
2.265639698144027436e-01 8.897345244433451095e-01
2.021001670116069349e-01 9.505616910922884966e-01
1.773810125577511831e-01 9.878450873055882875e-01
1.545289613838050080e-01 1.000000000000000000e+00
1.352071114732161794e-01 9.913752885689456340e-01
1.199647137798164898e-01 9.695152046132006207e-01
1.081239186034531063e-01 9.406105053464557386e-01
9.836214962661599115e-02 9.067865383531253931e-01
9.382348956379693572e-02 8.886318981018491714e-01
