3.048183254633944905e-01 4.533504264540670903e-01
2.794056442552125263e-01 5.550011512867949470e-01
2.254017636091549814e-01 7.424254744331495459e-01
1.676542611843040431e-01 8.865116787207270033e-01
1.109101005446675448e-01 9.724121423473388592e-01
5.849943546844571518e-02 1.000000000000000000e+00
1.223566490100774784e-02 9.785590368561227770e-01
-2.696125850109620803e-02 9.216061531957920883e-01
-5.886601902533467046e-02 8.436478318813034338e-01
-8.403243257411896483e-02 7.571309779521779859e-01
-9.505004585689147412e-02 7.130605248210879488e-01
