2.446241571305081131e-01 7.811381140860356176e-01
2.357930483267749455e-01 8.164625493009682877e-01
2.162285540705460862e-01 8.839871408733880331e-01
1.924123511651967267e-01 9.423529321365824440e-01
1.635888172334879487e-01 9.842592835211448898e-01
1.293963449116779518e-01 1.000000000000000000e+00
9.009937755567931639e-02 9.791547884869562512e-01
4.680399013451719270e-02 9.134092251576757526e-01
1.522321823289651821e-03 8.000143961321115604e-01
-4.308823515844784069e-02 6.444036606082707008e-01
-6.486729973707616725e-02 5.572874022937573946e-01
