2.622732728127494806e-01 6.510788706919281577e-01
2.482333968953407410e-01 7.072383743615631158e-01
2.161309160899108628e-01 8.175856926952614900e-01
1.770709950249305109e-01 9.137681397132433325e-01
1.339550648815521772e-01 9.778813860335808794e-01
9.036530194549069472e-02 1.000000000000000000e+00
4.942222338234270040e-02 9.805280704064943675e-01
1.336267496624904405e-02 9.278809031678126873e-01
-1.657909660033207722e-02 8.546432072906573474e-01
-4.022856905161642516e-02 7.733994702295130530e-01
-5.052388875890767572e-02 7.322181914003480507e-01
