2.418044108224384203e-01 7.188484697397941048e-01
2.289821787397339214e-01 7.701373980706121003e-01
2.017231156442766959e-01 8.647368194396882757e-01
1.719521729358783890e-01 9.387155358692376161e-01
1.413099408704971971e-01 9.846918796302643884e-01
1.116449470266179245e-01 1.000000000000000000e+00
8.448681902470156491e-02 9.871987454722273014e-01
6.053108850470878544e-02 9.520885389600144411e-01
3.957858986258599998e-02 9.003855190258661656e-01
2.098159247209713252e-02 8.357955521138134003e-01
1.218261773151096961e-02 8.005996531514687486e-01
