2.316606701587660133e-01 8.594536493860771564e-01
2.237137344168266262e-01 8.912413923538347049e-01
2.088745654975288080e-01 9.437058348536675467e-01
1.961104259572679087e-01 9.761263471115477763e-01
1.841735995130417969e-01 9.939350799186763563e-01
1.702543702278400128e-01 1.000000000000000000e+00
1.520790066013272268e-01 9.896789455773653543e-01
1.296450474539675990e-01 9.551320817052807444e-01
1.049942567100156099e-01 8.932926141981497592e-01
8.070907292901707830e-02 8.086897650933826398e-01
6.896177516724555367e-02 7.617005740462965413e-01
