2.982187977687889013e-01 6.026551763270300288e-01
2.828960422285100584e-01 6.639461984881454004e-01
2.468383961844945462e-01 7.874418921604707799e-01
2.012769933980785853e-01 8.992995882370393712e-01
1.509267875165982709e-01 9.744763064011989773e-01
1.026379353059631017e-01 1.000000000000000000e+00
6.124916044134554038e-02 9.813763837472165852e-01
2.761624010934593532e-02 9.327341593360007899e-01
1.622591004211693111e-04 8.653815203884427376e-01
-2.288405318981406866e-02 7.856409481572103060e-01
-3.348568855034073088e-02 7.432344067151036571e-01
