2.117159754084185774e-01 7.461474933477703075e-01
2.011578533875818531e-01 7.883799814311172049e-01
1.778498074081709124e-01 8.688622413901867514e-01
1.501584089820916512e-01 9.369949622009194901e-01
1.186558900825513962e-01 9.834389555679647899e-01
8.505319840957059618e-02 1.000000000000000000e+00
5.182302825871260010e-02 9.838114770900876493e-01
2.134628660130777345e-02 9.390465166851903467e-01
-4.829908591472198420e-03 8.748061498543429071e-01
-2.621508833594499155e-02 8.011534073217392304e-01
-3.571229163513023330e-02 7.631645941249982634e-01
