2.380126908170834277e-01 7.338148854485593287e-01
2.267992990415438337e-01 7.786684525507177046e-01
2.024206050140454627e-01 8.630179264087524116e-01
1.738371822622142293e-01 9.333500741643736553e-01
1.405122193444010570e-01 9.820931575820592840e-01
1.025772990249023131e-01 1.000000000000000000e+00
6.172157953006329745e-02 9.791723584067190123e-01
2.117252138007158502e-02 9.189018837000165751e-01
-1.557299566649616995e-02 8.283867491170240349e-01
-4.623873972782566177e-02 7.227478733615630979e-01
-5.988038329929812331e-02 6.681812990756732518e-01
