3.274376638953397922e-01 5.831114164892081675e-01
3.094098720149686121e-01 6.552225840106928878e-01
2.699354986548470059e-01 7.916734959714288866e-01
2.247637280494724221e-01 9.034636186619284803e-01
1.764955373804366623e-01 9.754569984565883978e-01
1.282816529313255960e-01 1.000000000000000000e+00
8.337507672367289180e-02 9.787643066980467044e-01
4.421706481649678722e-02 9.216839761856477908e-01
1.171070775236027206e-02 8.420872235984611098e-01
-1.461639411037796155e-02 7.513628546064218261e-01
-2.635945751420254446e-02 7.043906009911234944e-01
