1.942207204427928158e-01 7.192665040736678783e-01
1.834380075975500235e-01 7.623973554546390474e-01
1.588282556395790301e-01 8.470093241737948198e-01
1.276761797204897242e-01 9.231405151247016327e-01
8.924643728284054056e-02 9.788952943687119213e-01
4.326965219253076089e-02 1.000000000000000000e+00
-9.136298962247990652e-03 9.724661283042429494e-01
-6.358320860362454141e-02 8.911061807172468985e-01
-1.125728780241660454e-01 7.710502104012418867e-01
-1.498969011768195303e-01 6.438307492655499509e-01
-1.651442928545510114e-01 5.828411825546240266e-01
