2.160679451634182069e-01 6.449637953601110585e-01
2.003606293101154456e-01 7.077930587733221035e-01
1.664271526507213883e-01 8.253008046048070367e-01
1.283380209793381077e-01 9.197052287536648940e-01
8.819063535617055472e-02 9.797155852421244315e-01
4.848004573126640793e-02 1.000000000000000000e+00
1.151754769900759090e-02 9.824636768347697613e-01
-2.108731676046360359e-02 9.347902710810576110e-01
-4.864025940955862826e-02 8.671999844280134928e-01
-7.122687963134566314e-02 7.893379048957194222e-01
-8.132909849827862914e-02 7.489290294279875582e-01
