1.590404357723163020e-01 7.568400359368701036e-01
1.474530625915304594e-01 8.031895286600134742e-01
1.235909329495009645e-01 8.863632907668878014e-01
9.861469654491628045e-02 9.485905200373008217e-01
7.290995656356669130e-02 9.869967399619914428e-01
4.664114478408359910e-02 1.000000000000000000e+00
1.988847630389473098e-02 9.865128832612857224e-01
-7.211030474644775090e-03 9.458009864429209879e-01
-3.440070861269667324e-02 8.778443420685904108e-01
-6.129402398512012740e-02 7.838483686771233749e-01
-7.461005125931685633e-02 7.305842595803364592e-01
