2.345910342415424843e-01 6.568702705605207193e-01
2.161238995695916598e-01 7.307388092483240172e-01
1.810557234843348517e-01 8.544104721760452659e-01
1.488183462463703588e-01 9.354862680652802354e-01
1.165614802790104765e-01 9.833794698572986270e-01
8.052775901382835944e-02 1.000000000000000000e+00
3.835434697507766888e-02 9.772397790837300535e-01
-8.735640316271442440e-03 9.058200254173017774e-01
-5.532566400503047266e-02 7.903797207261038515e-01
-9.480779034609060352e-02 6.547114726755431935e-01
-1.120296593734708690e-01 5.858239965660221316e-01
