2.143539248714294576e-01 6.386373842690280522e-01
1.987595806130455500e-01 7.010147613025636826e-01
1.649646770213549773e-01 8.179938163360193082e-01
1.261370111283373063e-01 9.138497074553613153e-01
8.306186485601796399e-02 9.775519602873916636e-01
3.766419638270301906e-02 1.000000000000000000e+00
-6.944711420718951977e-03 9.783407209572846375e-01
-4.748256306971065932e-02 9.189242967020165853e-01
-8.181625873262132753e-02 8.348017823195609255e-01
-1.094118400840647931e-01 7.398745799704213866e-01
-1.215522983788739353e-01 6.913127467911848179e-01
