3.046829674981657021e-01 6.981940778947386406e-01
2.901036779156939138e-01 7.565112362246257938e-01
2.600137969490387002e-01 8.613601687070632229e-01
2.289586847876377007e-01 9.389809844140486472e-01
1.984491769946620243e-01 9.850350129842418978e-01
1.694067486509579501e-01 1.000000000000000000e+00
1.422556708449401741e-01 9.869263635219281960e-01
1.171566638683743111e-01 9.498019860468682740e-01
9.422964880649786767e-02 8.930463113597330027e-01
7.367894881140474306e-02 8.217451559427428887e-01
6.402989337969400285e-02 7.831489342158999278e-01
