2.073018433917359626e-01 7.397462074981855373e-01
1.952493706501116089e-01 7.879560984646829525e-01
1.702308105069855193e-01 8.750642516356855749e-01
1.433077885226053949e-01 9.418763830059475595e-01
1.142459800255791746e-01 9.848951260858521684e-01
8.284802320142914400e-02 1.000000000000000000e+00
4.935217389657375886e-02 9.827972336051468139e-01
1.476770393923843017e-02 9.308310600853293426e-01
-1.908384930251860734e-02 8.466581039225403726e-01
-5.004018527524234372e-02 7.393026097109203221e-01
-6.452667156869118514e-02 6.813566645371249564e-01
