2.670872396234340584e-01 7.156208134782922059e-01
2.558756532194521593e-01 7.604671590942198023e-01
2.306479293497999405e-01 8.473619171071583578e-01
1.993185120701230773e-01 9.240368891321824041e-01
1.613369566362142793e-01 9.793317243800977456e-01
1.177447114869337730e-01 1.000000000000000000e+00
7.211904729309137618e-02 9.772983053355358551e-01
2.965792306158482328e-02 9.150777515369868942e-01
-5.492774047898552059e-03 8.293850897755792317e-01
-3.205291853442432393e-02 7.385357793719170560e-01
-4.322179547850912851e-02 6.938602715955778377e-01
