2.313576339234484358e-01 7.906516895465869332e-01
2.205037044421155334e-01 8.340674074719185427e-01
1.987435012864818829e-01 9.102019464201523968e-01
1.777671001183335209e-01 9.630610224307498690e-01
1.592976113337084554e-01 9.916006387092225483e-01
1.447638103824692712e-01 1.000000000000000000e+00
1.349335506484066194e-01 9.963041799263990805e-01
1.294320180253588082e-01 9.889969347539043776e-01
1.262946698304124316e-01 9.813906027185121950e-01
1.226158048409533574e-01 9.680067784061753278e-01
1.202685754969937681e-01 9.586178610303369707e-01
