2.411439993413884153e-01 5.587805962769887280e-01
2.215299815094187164e-01 6.372366676048675238e-01
1.789497249164487824e-01 7.845914552157470245e-01
1.314030355188715582e-01 9.026510727719017080e-01
8.272857190482241219e-02 9.759059870225278432e-01
3.675205647398671616e-02 1.000000000000000000e+00
-3.915389133153923673e-03 9.812150568462228994e-01
-3.832400083694331716e-02 9.311827765924212130e-01
-6.684087525710935562e-02 8.612558218819353906e-01
-9.046177917985986916e-02 7.796654120610870820e-01
-1.011894772324566372e-01 7.367546198507000099e-01
