2.882340307638462384e-01 6.799823657738244265e-01
2.736915488038206279e-01 7.381522936139268687e-01
2.430745784975500978e-01 8.445456864927640694e-01
2.094733256931944343e-01 9.278226804477203160e-01
1.733846659170545923e-01 9.814381046819709020e-01
1.367222090727152617e-01 1.000000000000000000e+00
1.030729390275758051e-01 9.844512914811707205e-01
7.585275276306846504e-02 9.455596274709853200e-01
5.634552860122604701e-02 8.987094327311362374e-01
4.362259520198968898e-02 8.556534455503550518e-01
3.873540821891763297e-02 8.361046976180668278e-01
