2.618936826304600896e-01 5.662076747723436831e-01
2.409801455258030467e-01 6.498618231909718546e-01
1.972702010470626099e-01 8.019051937318502077e-01
1.522471179158872978e-01 9.147477673682842259e-01
1.096210016000294107e-01 9.796005594412340312e-01
7.078570912178644425e-02 1.000000000000000000e+00
3.571518521785965739e-02 9.833653280155502108e-01
4.173688160981403605e-03 9.369170058862434924e-01
-2.391981775824519874e-02 8.675433132009922055e-01
-4.859203011664675609e-02 7.820411446141840583e-01
-6.007756162825017565e-02 7.360990185677703801e-01
