2.220415604724694791e-01 6.482928044635458686e-01
2.087734581710349868e-01 7.013652136692838379e-01
1.783981254703658204e-01 8.057593140727258296e-01
1.392949991667928877e-01 9.010727970791063690e-01
8.983139770634607224e-02 9.725322944438914430e-01
3.034805544484886486e-02 1.000000000000000000e+00
-3.568039309168968831e-02 9.659871881688500972e-01
-1.029929279605915626e-01 8.653749302621962514e-01
-1.670665334988935546e-01 7.064538366850422468e-01
-2.246214985770522699e-01 5.070078588729574065e-01
-2.514025811546609646e-01 3.998835285625226277e-01
