2.609395938427341299e-01 6.233308512273811886e-01
2.448055127053103686e-01 6.878671757770762341e-01
2.091211240588032316e-01 8.110544228540214062e-01
1.678803808015035814e-01 9.130862168777040822e-01
1.244234892403556225e-01 9.782335441870683157e-01
8.280776310101828352e-02 1.000000000000000000e+00
4.612822052153953134e-02 9.831697277469269025e-01
1.560412133917893351e-02 9.389518016352788043e-01
-9.072716494799903941e-03 8.786151150626297923e-01
-2.887661106579481052e-02 8.103825476833415031e-01
-3.769749473209837998e-02 7.750990130181272253e-01
