2.747926880854729692e-01 6.105932367091242430e-01
2.589857172173694044e-01 6.738211201815385021e-01
2.236506474901216457e-01 7.956333002313853431e-01
1.807786947620608764e-01 9.009053045466510756e-01
1.312313470353864142e-01 9.737965061422421131e-01
7.825752864165486100e-02 1.000000000000000000e+00
2.696536336653737598e-02 9.754781592608561258e-01
-1.797899316705614536e-02 9.101112869328129573e-01
-5.443730081825154388e-02 8.211588797736764089e-01
-8.278828772227131427e-02 7.237907240143430787e-01
-9.510348276954538882e-02 6.745299438252467805e-01
