2.332051540624888730e-01 6.999630143187287601e-01
2.205273968313624655e-01 7.506740432432343901e-01
1.924851969225780390e-01 8.474784002007140771e-01
1.596622052188246821e-01 9.284888262858788099e-01
1.239066183617640871e-01 9.817029621690347430e-01
8.795718125739149240e-02 1.000000000000000000e+00
5.435820855456519052e-02 9.840534265705810357e-01
2.451779248039698267e-02 9.403191678516635843e-01
-1.368272859637920114e-03 8.765548144763081195e-01
-2.372446918438225749e-02 7.991222518726164292e-01
-3.408844281384093566e-02 7.576663573547817165e-01
