1.467792656092707926e-01 8.042693273286738442e-01
1.381007269136824700e-01 8.389834821110271346e-01
1.197718759612719230e-01 9.026485736638470980e-01
9.933062981133533587e-02 9.531813782205424967e-01
7.592131892160658424e-02 9.873816230033856112e-01
4.753828568683637901e-02 1.000000000000000000e+00
1.146521226365176949e-02 9.796915828149712624e-01
-3.347224764416345533e-02 9.101250801843695504e-01
-8.369996048533218103e-02 7.840709843836497495e-01
-1.310919347662394818e-01 6.201017573784028958e-01
-1.528852389287644886e-01 5.329285407283028686e-01
