2.941034901873436080e-01 4.342551400785963356e-01
2.671173076296530224e-01 5.421998703093586780e-01
2.095122749940782070e-01 7.420011507737737100e-01
1.496454371699382779e-01 8.923536764999377979e-01
9.582227541990717690e-02 9.754248259962245982e-01
5.158168042552163657e-02 1.000000000000000000e+00
1.592759539231519694e-02 9.840113359574036433e-01
-1.351913099366192084e-02 9.411065472280457644e-01
-3.856357127214710134e-02 8.794312887359709840e-01
-6.018845537383232802e-02 8.045181302643344967e-01
-7.022696154041319083e-02 7.643641055980110455e-01
