2.352976969198470325e-01 7.407181572157897076e-01
2.241958403870487615e-01 7.851255833469827916e-01
2.002041265119400837e-01 8.682025815051070960e-01
1.724662484580095079e-01 9.365681949552786545e-01
1.407503459356488351e-01 9.831321181892594963e-01
1.050751193631641600e-01 1.000000000000000000e+00
6.568367706840327891e-02 9.794159024669832903e-01
2.314499167086447873e-02 9.149226292049223996e-01
-2.096130144505325976e-02 8.045583377216912746e-01
-6.341328713697602648e-02 6.569021002053958558e-01
-8.371356757750314515e-02 5.757009784432873811e-01
