2.664848595529076825e-01 6.007784521701999836e-01
2.474893557009061329e-01 6.767604675782061818e-01
2.082385803862496498e-01 8.135082973741771806e-01
1.670543755935197661e-01 9.161319784222918816e-01
1.251203648046657069e-01 9.789949225412208911e-01
8.429508836249832715e-02 1.000000000000000000e+00
4.747401182481270077e-02 9.829991224457026444e-01
1.728919071698992171e-02 9.396303577843544419e-01
-5.382686082136711736e-03 8.847986709405000205e-01
-2.150796908505447913e-02 8.297854721744301054e-01
-2.814531884237103654e-02 8.032360731451638758e-01
