2.717819196573327822e-01 6.201134435446782334e-01
2.551873817606951089e-01 6.864915951312289266e-01
2.192357216986676738e-01 8.109411132139489053e-01
1.782938443785002658e-01 9.121819900196734832e-01
1.343848393883370074e-01 9.776757501646143877e-01
9.108398117230853686e-02 1.000000000000000000e+00
5.207418657889717473e-02 9.819668137872314961e-01
1.938832266039164365e-02 9.346282721629889378e-01
-6.947980026862698999e-03 8.702720418069629371e-01
-2.799037813521537688e-02 7.977860743550695410e-01
-3.734915126205073932e-02 7.603509818477280913e-01
