2.709940762209648302e-01 7.433229711363840142e-01
2.625151134605127057e-01 7.772388221781925122e-01
2.425319139173006677e-01 8.456673835682807505e-01
2.137586652600961257e-01 9.147181176654497481e-01
1.711177240928209997e-01 9.746280707071695026e-01
1.133699090632339646e-01 1.000000000000000000e+00
4.740259802855467663e-02 9.664085747020771944e-01
-1.489747277965591810e-02 8.753998583835788105e-01
-6.551683987473849724e-02 7.522504026086189732e-01
-1.037358407906133762e-01 6.212851205299141366e-01
-1.200441201216935205e-01 5.560520032055935591e-01
