2.878666531403097917e-01 5.547352814052164405e-01
2.664254120856358599e-01 6.405002456239121678e-01
2.219637328568160317e-01 7.953265243650455840e-01
1.760714283657515145e-01 9.101315715213205149e-01
1.311372141264117719e-01 9.779376520775788784e-01
8.812284344621557075e-02 1.000000000000000000e+00
4.787792538298413225e-02 9.807071046945436965e-01
1.155412969818192526e-02 9.273524086303955860e-01
-1.998875027146546079e-02 8.497546691007993314e-01
-4.664522633222967229e-02 7.576407444480439679e-01
-5.878972280269234574e-02 7.090627585661932741e-01
