1.632764142019502707e-01 8.120118358580650231e-01
1.566714896013109426e-01 8.384315342606223354e-01
1.408220796616551640e-01 8.925846886802289992e-01
1.192415062463832998e-01 9.449903208497891782e-01
9.173666667127788887e-02 9.848312485011500028e-01
5.967043971145841175e-02 1.000000000000000000e+00
2.568030468582555015e-02 9.829073404353365628e-01
-7.366907173339098946e-03 9.339055762816707018e-01
-3.733406679908995995e-02 8.599586496989193307e-01
-6.310266338677933406e-02 7.708968706794114834e-01
-7.485865264321911461e-02 7.238729136536523612e-01
