2.811497585186706338e-01 6.141420073003058810e-01
2.656369269577258940e-01 6.761933335440848403e-01
2.303782311355853096e-01 7.974822525714513333e-01
1.873592639924415160e-01 9.032660511189347652e-01
1.389922895519088986e-01 9.749061284414153317e-01
8.893508079821244028e-02 1.000000000000000000e+00
4.058074185475929463e-02 9.766089982516585888e-01
-3.749815343048579219e-03 9.113388856043842523e-01
-4.256374995978134956e-02 8.158366372036525149e-01
-7.488469838256223143e-02 7.044272226797951841e-01
-8.933126763807686110e-02 6.466409456577366655e-01
