3.605261865186706327e-01 5.544316073224251351e-01
3.374550990326673494e-01 6.467159572664382683e-01
2.909039471166345869e-01 8.094405005005398390e-01
2.462656839467662895e-01 9.221970912703059131e-01
2.073642295819192460e-01 9.822567443749917748e-01
1.751632227772152994e-01 1.000000000000000000e+00
1.490047113789069178e-01 9.882992397813873398e-01
1.277712935418874318e-01 9.575331643259610281e-01
1.103003344433015065e-01 9.146529446486100223e-01
9.554257218758738235e-02 8.635601971059326809e-01
8.872311141205235785e-02 8.362823540037925829e-01
