2.854562339054744768e-01 7.276757639326771887e-01
2.753110918662458051e-01 7.682563320895918757e-01
2.522396091669598661e-01 8.476159222266783644e-01
2.221317363630677111e-01 9.207580084945199417e-01
1.825107406103276819e-01 9.775605363910948586e-01
1.333471745906195105e-01 1.000000000000000000e+00
7.907160255503109525e-02 9.724485303752146148e-01
2.696244357232668865e-02 8.957816820345911868e-01
-1.744314277631581200e-02 7.871226123465826507e-01
-5.270021749805609002e-02 6.659422104503450734e-01
-6.810939522907288879e-02 6.043054995262778784e-01
