2.387205626100799005e-01 7.196584972499797672e-01
2.254779365590168227e-01 7.726290014542320783e-01
1.976204913442545230e-01 8.694439631495820553e-01
1.682116331308824986e-01 9.428764987400253261e-01
1.396498825008951616e-01 9.862322884196854655e-01
1.138022805809337790e-01 1.000000000000000000e+00
9.117695760710864405e-02 9.894545673658217133e-01
7.095062208825597683e-02 9.595473289622946655e-01
5.188783936271740282e-02 9.120398836703533796e-01
3.336899771118218005e-02 8.473463969050766265e-01
2.423203590051115075e-02 8.107985496623925092e-01
