3.147426641578370266e-01 4.055074732949828231e-01
2.869151599390199481e-01 5.168174901702511370e-01
2.271039115579883694e-01 7.240787395321629516e-01
1.636754362009918973e-01 8.829194344083703960e-01
1.051351534051770953e-01 9.729044483989671699e-01
5.646454526424932174e-02 1.000000000000000000e+00
1.818487710531424550e-02 9.832953883809598672e-01
-1.145766012884874563e-02 9.407149255316740177e-01
-3.449825556133978566e-02 8.845310648493237560e-01
-5.254782291540366357e-02 8.224354652504364260e-01
-6.049472045209935978e-02 7.906478751036536412e-01
