2.908799974241875752e-01 6.489497443425169543e-01
2.780922738773785596e-01 7.001006385297530166e-01
2.484001529676335140e-01 8.019647248057971689e-01
2.090218592445335366e-01 8.976257096149331538e-01
1.578347140520001135e-01 9.712867511676305243e-01
9.699189150693704464e-02 1.000000000000000000e+00
3.564584348521449009e-02 9.707835256909710386e-01
-1.530376153675849782e-02 8.981007899560540242e-01
-5.142198672880082810e-02 8.114792450928710599e-01
-7.522880861709640987e-02 7.306370520187870365e-01
-8.465053602629368790e-02 6.929501423819979244e-01
