1.984523565593347971e-01 7.347365426882703776e-01
1.853733644375477052e-01 7.870525111754187453e-01
1.591698494299943478e-01 8.787420483198659094e-01
1.326281781999251175e-01 9.449499136657706355e-01
1.051031350328104352e-01 9.858921051771882826e-01
7.596266006765506340e-02 1.000000000000000000e+00
4.503411280626123947e-02 9.841040328809498305e-01
1.267942562182822197e-02 9.352906256311339650e-01
-2.037610733721478828e-02 8.525827468193878378e-01
-5.317679182910917124e-02 7.379768217454704127e-01
-6.938066342734339198e-02 6.731613353525335297e-01
