2.948768338388552124e-01 5.855702500469543992e-01
2.765818284837882057e-01 6.587502714672224258e-01
2.365877648339951289e-01 7.970274677716686629e-01
1.917511470175405908e-01 9.083997616993038093e-01
1.459510278671924954e-01 9.773374403713803726e-01
1.024552954335593014e-01 1.000000000000000000e+00
6.350380552809747892e-02 9.818816828995517998e-01
3.044955436296220563e-02 9.338914976697294534e-01
3.750670309584092088e-03 8.687307795742821304e-01
-1.700875921632710730e-02 7.974560114593284288e-01
-2.600523875354721071e-02 7.614700933104480152e-01
