1.876126082952154217e-01 8.142174645983055736e-01
1.799644286838566476e-01 8.448101830437406701e-01
1.629871579394476244e-01 9.033901748883265137e-01
1.427297400171548825e-01 9.532341018659622467e-01
1.193467909501360058e-01 9.875453777222236162e-01
9.293537417093555852e-02 1.000000000000000000e+00
6.365718704518635862e-02 9.846786073756748081e-01
3.219872238049981128e-02 9.370830706706269053e-01
1.930611657748881882e-04 8.572031590668135470e-01
-2.997866916310121255e-02 7.523848269256726562e-01
-4.428181031761380115e-02 6.951722623076223018e-01
