2.542599603270656594e-01 6.392505297792290264e-01
2.395506361366774861e-01 6.980878265407817196e-01
2.065111416626739249e-01 8.119156341531805765e-01
1.665341713800073675e-01 9.101997450021290792e-01
1.216340438810719071e-01 9.767466725001157091e-01
7.616706488093616390e-02 1.000000000000000000e+00
3.484666218827930928e-02 9.808932488075945422e-01
3.930276950460664942e-04 9.310927310135335144e-01
-2.688835424099650373e-02 8.645954685062335887e-01
-4.800112461276345721e-02 7.920788856543805601e-01
-5.717939634931568094e-02 7.553657987081716652e-01
