3.611112197663408629e-01 6.932133462170328997e-01
3.474821758756007073e-01 7.477295217799935223e-01
3.182933559255824996e-01 8.489250255207883011e-01
2.857955963195860649e-01 9.294803207920592225e-01
2.505357567156156762e-01 9.816781439427479938e-01
2.123345799790727906e-01 1.000000000000000000e+00
1.717036204182000869e-01 9.792483611184181758e-01
1.311989680941623160e-01 9.189906953519244581e-01
9.461752335297840544e-02 8.289993745708286177e-01
6.462746297160593123e-02 7.258675643440667402e-01
5.146583388896142086e-02 6.732210480134886987e-01
