2.985818812770979491e-01 6.225777040607400892e-01
2.829317933603336943e-01 6.851780557277971084e-01
2.483715122368297390e-01 8.045089870150732292e-01
2.072406805768365334e-01 9.056808435417993408e-01
1.600811023477362038e-01 9.750610602241531755e-01
1.093661078323628910e-01 1.000000000000000000e+00
5.982808506248199487e-02 9.762380319696455366e-01
1.656841277598003481e-02 9.134806554269960799e-01
-1.759644441340052490e-02 8.304837881150020085e-01
-4.281258551144029312e-02 7.442863766560758876e-01
-5.336157367624705383e-02 7.020904239968488447e-01
