2.551991352324867179e-01 7.297895874078070833e-01
2.445222171268193190e-01 7.724972598304766791e-01
2.199517744273693509e-01 8.568855060344939822e-01
1.895402782903129468e-01 9.316020229023893595e-01
1.553412897415076266e-01 9.823189829944685147e-01
1.205160732834851256e-01 1.000000000000000000e+00
8.789602027384568750e-02 9.845241464428515776e-01
5.890552790743752709e-02 9.420190152671836792e-01
3.358396462378715475e-02 8.795689642254922447e-01
1.129876773188642769e-02 8.022351011322800263e-01
8.204953143763349388e-04 7.603220114622396553e-01
