2.738459585734218660e-01 5.651763949192374348e-01
2.538225604395826229e-01 6.452699874545944070e-01
2.110415094645430312e-01 7.936365385135524253e-01
1.650032605264735164e-01 9.084706892308918036e-01
1.192386051419194182e-01 9.775159407123150679e-01
7.496019593423070004e-02 1.000000000000000000e+00
3.125442678046375100e-02 9.780885807662368370e-01
-1.305801461849454004e-02 9.113751172020834179e-01
-5.752676602591622057e-02 8.003698851450135043e-01
-9.955061032207151994e-02 6.543422372026188594e-01
-1.195067253760002668e-01 5.745177769869038720e-01
