2.688551991936622976e-01 5.471711904146601135e-01
2.454518480726096685e-01 6.407845948988706297e-01
1.986157243743857936e-01 8.046963171145948834e-01
1.538392903238916531e-01 9.176819577927544103e-01
1.126802692202688583e-01 9.801846403697000998e-01
7.280703182263398299e-02 1.000000000000000000e+00
3.113914207637447085e-02 9.783899880210754629e-01
-1.329907264592772309e-02 9.111235705553956121e-01
-5.799586093541309051e-02 7.998614084303171667e-01
-9.816163185808235436e-02 6.610669102857478219e-01
-1.164588172346439077e-01 5.878781687795016087e-01
