2.048921403714900613e-01 8.153971331623868224e-01
1.979203892884086047e-01 8.432841374947126489e-01
1.822756082946273004e-01 8.971902315591380184e-01
1.621980003881157151e-01 9.460184772828610367e-01
1.352072390295462334e-01 9.844138166372422560e-01
9.836157553977076251e-02 1.000000000000000000e+00
4.967041199449123701e-02 9.725683165817382569e-01
-9.621833556445302804e-03 8.814155088981269204e-01
-7.372770314090110189e-02 7.209584622774343199e-01
-1.342083551646119366e-01 5.112811616343719834e-01
-1.624436997365417135e-01 3.983397833466528759e-01
