2.638731140874299719e-01 7.353894559777196527e-01
2.540594902299589952e-01 7.746439514076035593e-01
2.314129446680606161e-01 8.523972119507696732e-01
2.018425858334013112e-01 9.243708513245156855e-01
1.640280114956591540e-01 9.789228627924897452e-01
1.184239694058758507e-01 1.000000000000000000e+00
6.864005085927904481e-02 9.747429863356762425e-01
2.077928928914962725e-02 9.042784768597411649e-01
-1.980120376187693987e-02 8.051407456124670681e-01
-5.113747308697313976e-02 6.977724134573032311e-01
-6.449699726684843260e-02 6.443343167378020597e-01
