3.116856918596579984e-01 5.876098737418076201e-01
2.921998215897770867e-01 6.655533548213312667e-01
2.512879169365825893e-01 8.077749390507956706e-01
2.082289135609624031e-01 9.153189801853496288e-01
1.658884036536372175e-01 9.792924590849814148e-01
1.258403974146974358e-01 1.000000000000000000e+00
8.867820787064906174e-02 9.821782757798728225e-01
5.470139543172825025e-02 9.320463751221583770e-01
2.421772764686147550e-02 8.567504599863516868e-01
-2.508960649080793637e-03 7.641722863686557510e-01
-1.490706937894992201e-02 7.145798514491792375e-01
