2.874274198917734502e-01 8.255915448491779607e-01
2.756503920753876624e-01 8.726996561147211118e-01
2.551768363585791288e-01 9.458973510815325003e-01
2.412572324844672877e-01 9.824330867301789283e-01
2.324737758495567519e-01 9.964396193387785594e-01
2.243174373267678989e-01 1.000000000000000000e+00
2.126864530113772855e-01 9.929649735461767435e-01
1.966216772553321945e-01 9.678704484879098180e-01
1.777693733417906041e-01 9.203432860495068812e-01
1.583623161972401716e-01 8.525376120826249071e-01
1.487778136640094395e-01 8.141996019497019788e-01
