2.379315816898321945e-01 6.792902357687415904e-01
2.242836046712545217e-01 7.338821438430522814e-01
1.944439543058787967e-01 8.370490719577571292e-01
1.597283980736756703e-01 9.226718577689614342e-01
1.210643269581563874e-01 9.798598117698857912e-01
8.040279063277161464e-02 1.000000000000000000e+00
4.035357083652113541e-02 9.804721282990200848e-01
3.360765876283811071e-03 9.260143900795253513e-01
-2.891446996414842596e-02 8.466536158174859938e-01
-5.574592182207416258e-02 7.541381109669579308e-01
-6.776707109882507130e-02 7.060535138599542959e-01
