2.193778977398974650e-01 7.610107436176956064e-01
2.086328782196467113e-01 8.039908216986986211e-01
1.857718036235986858e-01 8.833190650070934513e-01
1.604315134389724395e-01 9.461157004521432157e-01
1.334893636650440474e-01 9.862820853349005823e-01
1.064368464209344278e-01 1.000000000000000000e+00
8.099411477140072702e-02 9.878918709294765010e-01
5.852517213850483291e-02 9.550621147342082118e-01
3.966923729121119013e-02 9.088551237546996786e-01
2.437362485541177959e-02 8.561677952964232841e-01
1.757313370453361667e-02 8.289658306929106324e-01
