3.059845805285270615e-01 6.218917431048751610e-01
2.921446650740036066e-01 6.772514049229689803e-01
2.596456048556058382e-01 7.885885010326857403e-01
2.168286018379051994e-01 8.928816518319613316e-01
1.632694277538858652e-01 9.705986841698069911e-01
1.015324942276377707e-01 1.000000000000000000e+00
3.832698382339155829e-02 9.691301072918088177e-01
-1.811078314091507657e-02 8.871244660713867303e-01
-6.293177651333364819e-02 7.782293602102465790e-01
-9.616582571038179150e-02 6.645462825383570138e-01
-1.101467557911268713e-01 6.086225622153766945e-01
