3.489480167757683660e-01 4.853135020869583371e-01
3.243914242828818129e-01 5.835398720585045496e-01
2.731652825478912971e-01 7.617748897563626498e-01
2.197358486410866396e-01 8.953033068120759275e-01
1.673875020471246033e-01 9.744115380707386587e-01
1.185590790867734889e-01 1.000000000000000000e+00
7.555644597537147789e-02 9.802373279196877620e-01
3.996519227500572313e-02 9.288174925992684905e-01
1.190860349532307794e-02 8.604763078802740717e-01
-9.646601716288338846e-03 7.864834941934575330e-01
-1.897379976827062720e-02 7.491747019855283796e-01
