2.559720544093009309e-01 8.541415178699338639e-01
2.511852346250581514e-01 8.732887970069049821e-01
2.394680170053967716e-01 9.132272696501319009e-01
2.225802225182798022e-01 9.539332564597844399e-01
1.995468507481720222e-01 9.869240248815905892e-01
1.715263085942511090e-01 1.000000000000000000e+00
1.418031717537576730e-01 9.852214301950180664e-01
1.140191313843957888e-01 9.444319192612762315e-01
9.035187375801390086e-02 8.864356169465105184e-01
7.116479108851958557e-02 8.203490733305351945e-01
6.263949548102720755e-02 7.862478909005656824e-01
