2.249441989793394825e-01 7.960396672521019568e-01
2.166904799305811036e-01 8.290545434471354724e-01
1.981612652000943608e-01 8.928959066873540795e-01
1.755914516334282638e-01 9.483110295024146374e-01
1.497469663846355825e-01 9.864498326361450520e-01
1.227490836457795220e-01 1.000000000000000000e+00
9.711922053197230564e-02 9.878178522611938961e-01
7.440268530967414362e-02 9.545669295554036760e-01
5.478404623204624624e-02 9.062453998060120419e-01
3.779271661133831728e-02 8.473643329173161654e-01
2.988563858476622759e-02 8.157360208110278066e-01
