1.817996768503675753e-01 7.964045120285323520e-01
1.738433431041335187e-01 8.282298470134685786e-01
1.558574502685591279e-01 8.901438592664258076e-01
1.333857295590341607e-01 9.451168597748160760e-01
1.059441594464421987e-01 9.850005915075926710e-01
7.356972300074093862e-02 1.000000000000000000e+00
3.702126524574622657e-02 9.808265701982992191e-01
-2.147086157112787497e-03 9.216632971942819719e-01
-4.164566017775217510e-02 8.231624967335220422e-01
-7.874840125568638438e-02 6.942551848412663595e-01
-9.634748991413943919e-02 6.238588302074541403e-01
