2.177117539350108544e-01 6.633589671156641110e-01
2.043745215071216537e-01 7.167078968272209138e-01
1.742343958822485384e-01 8.204655061297294605e-01
1.369285404057126732e-01 9.118801102797851055e-01
9.286859554560522589e-02 9.764430174194445033e-01
4.497384954399041845e-02 1.000000000000000000e+00
-1.483313520170614908e-03 9.778806003568982774e-01
-4.175803422824397870e-02 9.194505585838532724e-01
-7.416609893481362903e-02 8.403816855291159627e-01
-9.964589164719339642e-02 7.527152583211949022e-01
-1.108729407179751547e-01 7.078070620380678690e-01
