2.212204930357639654e-01 7.439491944439629023e-01
2.098291977591090207e-01 7.895143755505826810e-01
1.857015782730566666e-01 8.732885292853946879e-01
1.587125539006272179e-01 9.400029022396509948e-01
1.287140050204527153e-01 9.842541512828575367e-01
9.614475146928574967e-02 1.000000000000000000e+00
6.232945060202971232e-02 9.830081039667684095e-01
2.941260483187668751e-02 9.341663084596939504e-01
-2.510026733550385636e-04 8.611004356809202065e-01
-2.495822362474697798e-02 7.760102096436627406e-01
-3.592678680782868117e-02 7.321359569113359278e-01
