2.755881342048667193e-01 6.276408897866763148e-01
2.584710883309739859e-01 6.961090732822472482e-01
2.221495948032614631e-01 8.221905997392775500e-01
1.828464762312185243e-01 9.200012845371832171e-01
1.428471184998101329e-01 9.800993131868147579e-01
1.039999908898864844e-01 1.000000000000000000e+00
6.758323926637499479e-02 9.825296891732269167e-01
3.461462123612901731e-02 9.340627639395080450e-01
6.055196158733400225e-03 8.638827959107940879e-01
-1.740557073327714255e-02 7.831008462166746398e-01
-2.780521975136496238e-02 7.415022501443233605e-01
