2.069544374263840858e-01 8.543703577514798475e-01
2.005610371238377709e-01 8.799439589616651070e-01
1.868669438716855646e-01 9.274196390206680407e-01
1.713616944946378950e-01 9.657308307243692713e-01
1.542271098568225307e-01 9.910699717896264138e-01
1.360336058925558089e-01 1.000000000000000000e+00
1.177024480583288568e-01 9.909323179196661835e-01
1.002458529268628884e-01 9.650868097370680632e-01
8.440912397882038842e-02 9.259655359440727151e-01
7.044853338665901799e-02 8.775709894723375815e-01
6.393575869140799561e-02 8.515198906913334920e-01
