2.790348103686783876e-01 7.025816640854574135e-01
2.682619640678538531e-01 7.456730492887555517e-01
2.420679239709978559e-01 8.350280158801480779e-01
2.072462617936013940e-01 9.200925340309724643e-01
1.672925288090876261e-01 9.794467353968512313e-01
1.282064261087083601e-01 1.000000000000000000e+00
9.429392179258455631e-02 9.846203337811066936e-01
6.600430122370609665e-02 9.434207588622430807e-01
4.167654157237787871e-02 8.833474342582435801e-01
1.981129237065110127e-02 8.073042427526795350e-01
9.363848470267388535e-03 7.655144671511446841e-01
