3.482283726706572047e-01 6.173401340789133052e-01
3.312685620480384507e-01 6.851793765693883209e-01
2.942041872202783015e-01 8.133323116752875226e-01
2.526421649928998203e-01 9.165609203351858802e-01
2.109226251604927604e-01 9.797379181898300260e-01
1.734442629253815094e-01 1.000000000000000000e+00
1.423760549540017406e-01 9.861480724535615083e-01
1.173294919482743004e-01 9.499068739885451196e-01
9.671786380238245329e-02 8.992666250101585268e-01
7.904567567561526786e-02 8.379948651896926837e-01
7.079048023545098101e-02 8.049740834290355362e-01
