2.484619605009101839e-01 7.650580614824495918e-01
2.400168988321409458e-01 7.988383081575265443e-01
2.203474071191784400e-01 8.662918449651832997e-01
1.939930364861547352e-01 9.302250162754239771e-01
1.591055446238667237e-01 9.802424487265424258e-01
1.157666594370677648e-01 1.000000000000000000e+00
6.762444510550635890e-02 9.754391195817799787e-01
2.096426978071613823e-02 9.066796493504195587e-01
-1.884713764434070571e-02 8.093447219818192817e-01
-4.985651887441544527e-02 7.030193095800069125e-01
-6.315378758600354026e-02 6.498302347336545326e-01
