2.682282464723186877e-01 5.908966636046544263e-01
2.509655231499964279e-01 6.599475568939434655e-01
2.131606349866358441e-01 7.906249447063474767e-01
1.686948887246118023e-01 9.000986020714338842e-01
1.187441897603287444e-01 9.739728824567026599e-01
6.786230728618480867e-02 1.000000000000000000e+00
2.273167792222746675e-02 9.797241355668893092e-01
-1.200090225588945625e-02 9.305348396437661540e-01
-3.596683924008575728e-02 8.730937444361834832e-01
-5.159425323454980283e-02 8.200933096975173697e-01
-5.771244598982372409e-02 7.956205386764216847e-01
