3.125565042221274403e-01 6.051789995162621949e-01
2.966595226481081315e-01 6.687669258123394300e-01
2.613015905378571757e-01 7.907377037171116063e-01
2.180701595949622318e-01 8.966615161391331412e-01
1.664009176645288024e-01 9.721012384762298675e-01
1.089150240855436547e-01 1.000000000000000000e+00
5.191747484807923696e-02 9.725895828177506530e-01
1.657921303549914072e-03 8.994808929109413542e-01
-3.970681256064684250e-02 7.982358276806309494e-01
-7.379090626703221911e-02 6.804150503570063346e-01
-8.935940247150075955e-02 6.181410655391321729e-01
