2.623631592099422427e-01 5.988353484494055579e-01
2.455402423608825657e-01 6.661270158456442658e-01
2.077393307189006055e-01 7.963526676206498234e-01
1.632189748654693240e-01 9.063713741204346697e-01
1.164046619256866588e-01 9.767280481207263332e-01
7.245507791574873346e-02 1.000000000000000000e+00
3.431483851853089906e-02 9.825373927334464241e-01
1.981435344639348450e-03 9.353331936522168988e-01
-2.603235855711422131e-02 8.661626078542941087e-01
-5.112392316600561371e-02 7.789393474131441897e-01
-6.307248978048141108e-02 7.311450809552410002e-01
