2.762513102241164198e-01 6.989985321018203912e-01
2.640711571540311775e-01 7.477191443821613603e-01
2.371927359967440641e-01 8.405345609241079430e-01
2.047048240975402056e-01 9.202086528097175311e-01
1.648091505023989711e-01 9.778939702168607528e-01
1.158693355122104029e-01 1.000000000000000000e+00
6.060999679828316111e-02 9.715744464931220792e-01
7.717972322106747551e-03 8.942159510476471729e-01
-3.429719014170801161e-02 7.926369346255013326e-01
-6.331612932740571242e-02 6.941098693772268513e-01
-7.478637701858714681e-02 6.482288786125011137e-01
