2.226326906037243702e-01 7.395784252818635718e-01
2.112748050481275675e-01 7.850099675042507830e-01
1.872359544866817327e-01 8.684844047441850901e-01
1.598403609172831530e-01 9.359565568888312814e-01
1.278186393616987937e-01 9.826929070079651884e-01
9.087156070292840004e-02 1.000000000000000000e+00
5.073873937479900231e-02 9.795071643386061844e-01
1.109979419575107817e-02 9.207221096419041517e-01
-2.411054778214483107e-02 8.342371932258705325e-01
-5.261129548213749896e-02 7.362984348861416617e-01
-6.504781072188836610e-02 6.865523739271381931e-01
