1.711886253695151794e-01 7.801116508399961180e-01
1.606468862059956537e-01 8.222786074940742207e-01
1.389930802339173210e-01 8.977817645738287444e-01
1.164573566627341572e-01 9.539652785247538791e-01
9.343999592511109675e-02 9.884062960250012964e-01
7.020450168987241168e-02 1.000000000000000000e+00
4.705834785853946212e-02 9.884956364289070319e-01
2.443780025633163211e-02 9.547589047955843400e-01
2.866198802191965989e-03 9.011602844642802035e-01
-1.712404429705138842e-02 8.316547294903315901e-01
-2.665886997326993857e-02 7.935154267854573895e-01
