2.170911412686993280e-01 8.103285727417430806e-01
2.105909109247353639e-01 8.363294941175989372e-01
1.952869320504366790e-01 8.887416610844589560e-01
1.740888689285097213e-01 9.399415358586475921e-01
1.440596368578335174e-01 9.823650825209160331e-01
1.027658645127027537e-01 1.000000000000000000e+00
5.130349143418649893e-02 9.721964817875305975e-01
-4.139524773916547495e-03 8.891139675837939071e-01
-5.552670793903230484e-02 7.625919160840801680e-01
-9.797921280355603724e-02 6.165295817954674629e-01
-1.166840324985976007e-01 5.417103030153012089e-01
