2.842160212127393670e-01 6.979500872721557947e-01
2.717127451977502384e-01 7.479631913321123093e-01
2.440592894444539862e-01 8.434268346069901945e-01
2.110309366739246961e-01 9.246337198863558982e-01
1.733477966171026452e-01 9.801950329754001157e-01
1.335811140577667921e-01 1.000000000000000000e+00
9.546940686310567692e-02 9.818500083400748535e-01
6.212367299570092927e-02 9.333085322651905047e-01
3.473427587047361875e-02 8.663360830969881743e-01
1.276952655481328192e-02 7.906707407520945363e-01
2.998432156900654455e-03 7.515863631604440265e-01
