2.020399063879132484e-01 7.356517653367768972e-01
1.910934528297423274e-01 7.794375795694605813e-01
1.666591346613910396e-01 8.636869876326853657e-01
1.376294838029666900e-01 9.352341539597144315e-01
1.052465607828239058e-01 9.831588632281011986e-01
7.089047776590534644e-02 1.000000000000000000e+00
3.556607966688257738e-02 9.821905481459969334e-01
1.617636749268180907e-04 9.291913680160884814e-01
-3.382425573886188586e-02 8.448281739126750622e-01
-6.422312983406247566e-02 7.396238328077087143e-01
-7.823084865342710970e-02 6.835929575302501782e-01
