3.221385199437623026e-01 5.238641498480263170e-01
3.031008683855164199e-01 6.000147560810098479e-01
2.583842240403760870e-01 7.532023406746767291e-01
2.037023064537759609e-01 8.882451686347714315e-01
1.478248907711616766e-01 9.731255091170913918e-01
9.988293908476142402e-02 1.000000000000000000e+00
6.382484725736031761e-02 9.850093689760905935e-01
3.840440677835876837e-02 9.491591190419969015e-01
2.052941445574046897e-02 9.059639515292341461e-01
7.536776846739146052e-03 8.614385839607550110e-01
1.989322105264035301e-03 8.392487649948545680e-01
