3.576610017784136453e-01 5.410764101077698562e-01
3.356318841477075043e-01 6.291928806305944200e-01
2.887972374864096192e-01 7.917259382451942162e-01
2.404829722887962262e-01 9.131599976710127464e-01
1.970629711243025994e-01 9.800887350025280220e-01
1.609423879846328953e-01 1.000000000000000000e+00
1.314921358909741933e-01 9.867590660485390242e-01
1.072853645001141110e-01 9.515864572182798353e-01
8.714830211079971356e-02 9.021411074897357496e-01
7.026493202168188068e-02 8.437788520831797090e-01
6.255278688247933871e-02 8.129302715263695411e-01
