1.988846755700894864e-01 7.973303714182564672e-01
1.909353745896497090e-01 8.291275753400155768e-01
1.729791051717876060e-01 8.909456845740416631e-01
1.505868676900954384e-01 9.457371279748483239e-01
1.234554316775196003e-01 9.852538330316940041e-01
9.211643908599370656e-02 1.000000000000000000e+00
5.803380526603579836e-02 9.825101918032619341e-01
2.323289671848222104e-02 9.303981829048928454e-01
-1.034852326834395653e-02 8.469650232952299351e-01
-4.132297858440431293e-02 7.393375216669990646e-01
-5.602711426445405873e-02 6.805209789468000814e-01
