2.339460792021246238e-01 6.840915897287025427e-01
2.207967932696048852e-01 7.366887334587814973e-01
1.920960310909080038e-01 8.359403059273918801e-01
1.581745399704896915e-01 9.193347644144056474e-01
1.178419221776925152e-01 9.780373970814439932e-01
6.961253861344984806e-02 1.000000000000000000e+00
1.368292699351114639e-02 9.703371690257479587e-01
-4.517080891290503608e-02 8.822925281871676351e-01
-9.828609451271386188e-02 7.521375763199052988e-01
-1.388582446915909152e-01 6.137733562720417702e-01
-1.555060142028232839e-01 5.471822782271122954e-01
