2.985833250789839965e-01 6.114210204039967067e-01
2.825263461105672613e-01 6.756489362776636476e-01
2.464912034204023161e-01 7.998113433165752184e-01
2.034993665457109913e-01 9.057731807877060781e-01
1.563859569395640303e-01 9.759002635467961539e-01
1.094148871443877402e-01 1.000000000000000000e+00
6.645326782650617936e-02 9.799097140240908832e-01
2.939443251626860931e-02 9.258823293795248599e-01
-1.825775216374947441e-03 8.491902555159226429e-01
-2.813738882287664111e-02 7.581954594882309717e-01
-4.019734403106323128e-02 7.099556386554846110e-01
