2.150696938370151301e-01 7.101621598435472471e-01
2.015319827787541707e-01 7.643130040765910849e-01
1.736004235566362963e-01 8.616453928012056673e-01
1.438439496908315851e-01 9.355521886966720047e-01
1.116200440391675874e-01 9.831387200502837986e-01
7.560494244465770786e-02 1.000000000000000000e+00
3.416145186864349981e-02 9.777103310687794702e-01
-1.382254122688197917e-02 9.040320138089490420e-01
-6.702097590018996076e-02 7.701310339533300464e-01
-1.200578131964570860e-01 5.854877952772645777e-01
-1.455905399837211789e-01 4.833568881282082064e-01
