2.543168727304421228e-01 6.823739471317749050e-01
2.404639202603086057e-01 7.377857570123089737e-01
2.106305622896459395e-01 8.411387833944304893e-01
1.767108555163806605e-01 9.249586024414901964e-01
1.391901567371257586e-01 9.804186024934812282e-01
9.887039733493829807e-02 1.000000000000000000e+00
5.697036624273654759e-02 9.788383308034669383e-01
1.526382211603799499e-02 9.165869117466028948e-01
-2.402578626337059653e-02 8.192629615385426112e-01
-5.877844322380759712e-02 6.989970671460377094e-01
-7.478636673500149712e-02 6.349653731012621094e-01
