2.919351371161520436e-01 4.696260524982496243e-01
2.701139369965346315e-01 5.569108529767192728e-01
2.206064925036206326e-01 7.272543865750786818e-01
1.613091129208410468e-01 8.735353901139344401e-01
9.807680797780826687e-02 9.683788302664502190e-01
3.852201477477201763e-02 1.000000000000000000e+00
-1.206916770213506407e-02 9.773424409925793865e-01
-5.229635418137379421e-02 9.195456270415225397e-01
-8.315834637076302549e-02 8.445292779451729626e-01
-1.063147523292611307e-01 7.651960188287516562e-01
-1.161787935701881214e-01 7.257398538650436937e-01
