1.936198281116663367e-01 6.917390210744494006e-01
1.794903742172619943e-01 7.482568366520667702e-01
1.496533900880205881e-01 8.518972429341953312e-01
1.171383588084883298e-01 9.326348357280969115e-01
8.345577667253678555e-02 9.831249189087436502e-01
5.103131128140131478e-02 1.000000000000000000e+00
2.234582877119578592e-02 9.868639017896736476e-01
-1.202993705441912642e-03 9.529023550467246029e-01
-1.966213494530655304e-02 9.079376555934419724e-01
-3.401864269800336515e-02 8.585580415562080736e-01
-4.032873347714682755e-02 8.333176784396342240e-01
