2.960782676202928787e-01 6.090091519637093054e-01
2.795496975454280220e-01 6.751234322631687323e-01
2.431037689466871710e-01 8.009897881342561421e-01
2.004624045556613332e-01 9.061898754401838119e-01
1.535573422757532391e-01 9.758189435872417494e-01
1.053703059175868928e-01 1.000000000000000000e+00
5.889645952495697889e-02 9.775321335527782374e-01
1.637833625177786967e-02 9.149637534536417816e-01
-2.089081622247990211e-02 8.232065528568257573e-01
-5.245552848501600085e-02 7.141665994549818430e-01
-6.680134509925161890e-02 6.567833329980393708e-01
