2.616957702725608570e-01 6.266748855330934731e-01
2.463419197743597078e-01 6.880902875258980700e-01
2.117048549003446301e-01 8.073553326461444524e-01
1.701898425647685453e-01 9.096685716931105503e-01
1.250241284113238205e-01 9.770660838063174314e-01
8.080294318891145799e-02 1.000000000000000000e+00
4.093779631057514745e-02 9.814221221503934833e-01
6.165899230451299395e-03 9.304562058397523039e-01
-2.458339654238383964e-02 8.544023377517642182e-01
-5.240157166663450550e-02 7.576849137970793624e-01
-6.566447024856736370e-02 7.046333194693479296e-01
