2.416564861557064514e-01 7.359294003791496674e-01
2.286713767308001799e-01 7.878698380787747535e-01
2.022631675950025132e-01 8.800795749110740251e-01
1.754566282235571206e-01 9.471157533648562055e-01
1.490145049059852234e-01 9.869413163429821001e-01
1.232821382911883368e-01 1.000000000000000000e+00
9.824254399364690249e-02 9.876340886602374969e-01
7.376893106067544670e-02 9.510527741340570884e-01
4.993125506254614265e-02 8.916474477328781845e-01
2.715962769894358919e-02 8.122909126833882665e-01
1.611797474026133159e-02 7.681243008486592361e-01
