2.061133368693635060e-01 7.031150068031082334e-01
1.923617697155316497e-01 7.581212754184356584e-01
1.636881378620071992e-01 8.578937381328408662e-01
1.328570449381076823e-01 9.344779886803324942e-01
1.000960392782739294e-01 9.831480225643731696e-01
6.567600303840465115e-02 1.000000000000000000e+00
3.051672218670314907e-02 9.824087779525410014e-01
-3.623200323746356144e-03 9.317201549791009896e-01
-3.469373348915111288e-02 8.550572559458771149e-01
-6.121694894641815932e-02 7.634862268192232904e-01
-7.321833170127090007e-02 7.154806957998123274e-01
