2.321669517669724403e-01 6.894905798457993118e-01
2.194786323427941888e-01 7.402438575425123179e-01
1.908952779377828257e-01 8.386822401817246586e-01
1.565952971538037142e-01 9.231772367305159932e-01
1.181839155190617108e-01 9.799935641684039966e-01
7.756210737848434622e-02 1.000000000000000000e+00
3.698518674095213621e-02 9.800384516714490957e-01
-8.700783082614682584e-04 9.242894699015727911e-01
-3.358723865192692060e-02 8.440317055912391897e-01
-5.994938247756254057e-02 7.534065739116994065e-01
-7.148808268019546386e-02 7.072517731011677133e-01
