4.008429263085790950e-01 4.841522216865072892e-01
3.792645496891718926e-01 5.704657281641360989e-01
3.301430990055037595e-01 7.394084568345477004e-01
2.722164896658341160e-01 8.828047495781479181e-01
2.136188644549080751e-01 9.717859100644826720e-01
1.633621634980188531e-01 1.000000000000000000e+00
1.259745609591983451e-01 9.846550084825513860e-01
9.926117036780734981e-02 9.465732188172180095e-01
7.727653182041072100e-02 8.919877022489705043e-01
5.568337873399969995e-02 8.162313293767806677e-01
4.470646512104292647e-02 7.723236749249535738e-01
