2.099611905262470657e-01 8.163758288997620127e-01
2.031049168996776899e-01 8.438009234060395158e-01
1.875340011472433899e-01 8.973699442899117917e-01
1.673054441109351753e-01 9.465417004883931451e-01
1.405762943551317479e-01 9.847847651546398628e-01
1.062605505431508113e-01 1.000000000000000000e+00
6.522528636818625269e-02 9.780652447916562409e-01
2.059187840607579201e-02 9.107331840757790786e-01
-2.335188499985291211e-02 8.016005466117597233e-01
-6.281377391679326960e-02 6.649981015961602404e-01
-8.103055218157162454e-02 5.921309885370468207e-01
