3.264699709251188686e-01 5.698712219491022246e-01
3.096063744779513627e-01 6.373256077377722484e-01
2.706654784025710470e-01 7.710118924110807015e-01
2.220916188250567913e-01 8.902369111943220226e-01
1.672100744222178026e-01 9.716150155464624572e-01
1.115437392470901012e-01 1.000000000000000000e+00
5.965233956397275605e-02 9.753899510384728133e-01
1.294505369603010658e-02 9.065854282641147011e-01
-2.938446575176029141e-02 8.016941068271590254e-01
-6.807252268259222916e-02 6.671741616452061541e-01
-8.652829707204923171e-02 5.933510640873781439e-01
