1.825262811453502998e-01 7.358478762857467714e-01
1.704367489575858707e-01 7.842060050368044877e-01
1.451516193873367833e-01 8.721509259353161791e-01
1.176615054554295270e-01 9.403267511816153501e-01
8.782488104623720204e-02 9.844578921402302729e-01
5.541813049123611723e-02 1.000000000000000000e+00
2.062372515952548557e-02 9.820702373635207261e-01
-1.559828835048127083e-02 9.275559729799864872e-01
-5.153438042194946611e-02 8.380399476391093838e-01
-8.517513468112036801e-02 7.211207718003664890e-01
-1.011720477423505571e-01 6.571331195554457327e-01
