2.541122934916719700e-01 7.204994511891666953e-01
2.417314082375520146e-01 7.700229922056465170e-01
2.149283278429275912e-01 8.628131186436397426e-01
1.848639686085317146e-01 9.373640322529359636e-01
1.535459847349996965e-01 9.843241802203593904e-01
1.232201696444931716e-01 1.000000000000000000e+00
9.549772801988221094e-02 9.869275536862549547e-01
7.098711597040818777e-02 9.509787759010519537e-01
4.956327785336139824e-02 8.981454272856406185e-01
3.084692281145512416e-02 8.332656794993332783e-01
2.211624015086666173e-02 7.983429488569794286e-01
