3.110118021908145902e-01 5.302090785258777306e-01
2.861559230868119252e-01 6.296325949418883905e-01
2.375259763705742655e-01 8.003783141946040347e-01
1.919047752547237140e-01 9.153947840385401324e-01
1.496021672739937802e-01 9.795445255228856229e-01
1.097874399001006473e-01 1.000000000000000000e+00
7.252084991263268998e-02 9.820926629093107429e-01
3.869493430846543403e-02 9.323481687916654881e-01
9.108659275800845556e-03 8.595079222071497771e-01
-1.604034687432920325e-02 7.725795941258161159e-01
-2.752165650527271801e-02 7.266543556020420569e-01
