3.363503322155514397e-01 4.756992026518203076e-01
3.099022462169246372e-01 5.814915466463275173e-01
2.558693055117144954e-01 7.700384547605847452e-01
2.029074521601742509e-01 9.035470161702485736e-01
1.546809602452985377e-01 9.771505067300811920e-01
1.111953205949778312e-01 1.000000000000000000e+00
7.245099986354958110e-02 9.818918256489737040e-01
3.916432473956482641e-02 9.334266497520304906e-01
1.169642316372987434e-02 8.662014457974840376e-01
-1.040104322128604375e-02 7.901009810602969141e-01
-2.020910880342541294e-02 7.508687187317394374e-01
