2.587262488234518543e-01 7.151867072667936753e-01
2.466748544089388817e-01 7.633922849248455655e-01
2.194990967360758161e-01 8.569709523579477350e-01
1.877977762205413903e-01 9.354979566473666797e-01
1.555467545442247301e-01 9.843259355808676725e-01
1.266640824241031527e-01 1.000000000000000000e+00
1.028496463582446174e-01 9.893941716351306592e-01
8.362190787398343650e-02 9.615445230314776381e-01
6.774509326455530056e-02 9.225359893225850705e-01
5.422709843264850171e-02 8.757189144849941709e-01
4.796400809077794314e-02 8.506665531175119366e-01
