2.157691426773231669e-01 7.381142774901199299e-01
2.042700096267838772e-01 7.841108096922770887e-01
1.796325696333035404e-01 8.695222627232573887e-01
1.517609176997433140e-01 9.384038735333188885e-01
1.209628544664027583e-01 9.839352817572786236e-01
8.817420367906841916e-02 1.000000000000000000e+00
5.517316032838132100e-02 9.837228891939258091e-01
2.429310858307204279e-02 9.382398965093814436e-01
-2.373141737356698755e-03 8.728440864873303617e-01
-2.372093346414999582e-02 7.995162289613507722e-01
-3.300541580974969413e-02 7.623782995789519790e-01
