1.916960384425387964e-01 7.129398163958504675e-01
1.782560419519299000e-01 7.666998023582860533e-01
1.504949705560424400e-01 8.634230130365573297e-01
1.209740087516487650e-01 9.367860115506232432e-01
8.936701452696038661e-02 9.835928926744267331e-01
5.505441494954405046e-02 1.000000000000000000e+00
1.796309899251002928e-02 9.808141762948090481e-01
-2.073387129824483255e-02 9.226060594184902763e-01
-5.868490977500862016e-02 8.282640905737628234e-01
-9.329458140538937627e-02 7.082652959434396767e-01
-1.094643611445702547e-01 6.435861769867161630e-01
