1.624923435155789520e-01 8.431721212438851865e-01
1.560208946838479438e-01 8.690579165708092191e-01
1.420023641738872300e-01 9.175849569324223687e-01
1.252682164603978743e-01 9.586003340376307857e-01
1.045683834792132672e-01 9.884872330540750429e-01
7.883577610081610176e-02 1.000000000000000000e+00
4.825812236108806275e-02 9.836421866927441693e-01
1.512948366660066268e-02 9.337427226110251999e-01
-1.679152491145297077e-02 8.547505222640958689e-01
-4.429664474313099731e-02 7.598802261282058268e-01
-5.665158138398695975e-02 7.104604795647819770e-01
