3.284176105021476832e-01 4.174606303972783206e-01
3.032217734430653344e-01 5.182439786336077159e-01
2.470373524026474588e-01 7.119930788139436917e-01
1.827890681969679409e-01 8.714782312066382541e-01
1.185281838002870680e-01 9.689988158276631180e-01
6.212197019315784940e-02 1.000000000000000000e+00
1.759263237054425888e-02 9.808756916121788016e-01
-1.549983392234766111e-02 9.338150674142161600e-01
-3.971911304263325837e-02 8.751253879584299789e-01
-5.760846994295748535e-02 8.138190815723480576e-01
-6.524670562806678120e-02 7.832661388319108742e-01
