2.642667080656957435e-01 6.369933106343936835e-01
2.494135960843354427e-01 6.964057585598348865e-01
2.165760665495420900e-01 8.097714591455752453e-01
1.770240627273327316e-01 9.068598843434270140e-01
1.304540048990462386e-01 9.749975284404898135e-01
7.870195788577155627e-02 1.000000000000000000e+00
2.637490013565707558e-02 9.744225177036500707e-01
-2.118262642711504773e-02 9.048849468744557534e-01
-6.073653309613474827e-02 8.082032711338187347e-01
-9.189243888139431160e-02 7.011535103953780990e-01
-1.054744822640563129e-01 6.468253368647300938e-01
