3.025732218850452071e-01 6.929468791012833861e-01
2.902322622550419506e-01 7.423107176212964120e-01
2.627137514492149384e-01 8.372072096687807052e-01
2.290406665930415642e-01 9.197309305569512095e-01
1.889061318715171689e-01 9.783609989588252231e-01
1.440924951614039329e-01 1.000000000000000000e+00
9.906991974325951578e-02 9.781520602507940421e-01
5.924175295614925174e-02 9.203436664257794719e-01
2.804508084168644277e-02 8.447338771202953511e-01
5.821077138561947528e-03 7.690543073843558730e-01
-3.186481488004044849e-03 7.330240728780919035e-01
