2.817866589672135547e-01 5.540682539693513320e-01
2.594332259375025096e-01 6.434819860881955123e-01
2.139792671141248492e-01 8.021972955880395384e-01
1.688159668724671381e-01 9.156244218650215760e-01
1.266281778049779261e-01 9.798749853805018839e-01
8.857651921050285759e-02 1.000000000000000000e+00
5.485013590249099291e-02 9.842002606669650877e-01
2.508866556946892645e-02 9.404770593339558671e-01
-1.397381651849327611e-03 8.749806486699882591e-01
-2.536797595297130004e-02 7.916225876868314693e-01
-3.681425403276217256e-02 7.458374753676679791e-01
