2.428475216569723205e-01 6.593232300793845369e-01
2.281828874125180207e-01 7.179817670572017363e-01
1.965244269219310613e-01 8.276217827734169141e-01
1.601021159152340445e-01 9.174602310329436072e-01
1.188322314317058481e-01 9.781586002770361610e-01
7.321382048722474556e-02 1.000000000000000000e+00
2.495070210303240721e-02 9.755138928373249252e-01
-2.287417644843514619e-02 9.043502428970648932e-01
-6.657918608190871446e-02 7.965739853854366670e-01
-1.032927260336146680e-01 6.700860638232939426e-01
-1.196400277406395318e-01 6.046968569951944872e-01
