2.628691975892376576e-01 6.327630307841283219e-01
2.479707120627853145e-01 6.923569728899376940e-01
2.147248575167504114e-01 8.069930220544947463e-01
1.743670902889334906e-01 9.060559255297111481e-01
1.273950530537890646e-01 9.750383609730899348e-01
7.695649295129020073e-02 1.000000000000000000e+00
2.898706422281660533e-02 9.775074923471152033e-01
-1.070744311577492835e-02 9.206109853228169326e-01
-3.986845878781486441e-02 8.503299379924038615e-01
-5.997686037186455987e-02 7.818553476425382787e-01
-6.812624596958105627e-02 7.492578052516722931e-01
