1.381857694370149936e-01 8.439155793423926966e-01
1.313168532503359298e-01 8.713912440891089517e-01
1.166244878315118028e-01 9.223372565322603966e-01
1.000488054850908748e-01 9.633120704572473159e-01
8.170484071371453272e-02 9.904082683428995226e-01
6.182785774583060556e-02 1.000000000000000000e+00
4.074401317319625848e-02 9.892014067381491582e-01
1.882672447615640898e-02 9.561654226059203010e-01
-3.517529981989453436e-03 9.002513546666717215e-01
-2.580202986269974907e-02 8.223389141667873936e-01
-3.686097072045313450e-02 7.781031507357738519e-01
