2.267815070570793345e-01 6.716337123319706670e-01
2.118650266239315849e-01 7.312996340645616655e-01
1.803376304580744938e-01 8.407983029952806886e-01
1.459836777061470636e-01 9.261171242318448904e-01
1.090422398220695088e-01 9.808015991351405338e-01
6.798588092979296338e-02 1.000000000000000000e+00
2.068886692616944689e-02 9.745609440237935628e-01
-3.246251125165511286e-02 8.936972436443508805e-01
-8.624389343837268740e-02 7.600654192858162794e-01
-1.329743352430743375e-01 5.992127120521091310e-01
-1.536357170626765356e-01 5.165671847737003386e-01
