2.433294688316640642e-01 8.063154287641955964e-01
2.358874092723290961e-01 8.360836670015354688e-01
2.191368091774651417e-01 8.937775268454623001e-01
1.979263149265989563e-01 9.455070558827236571e-01
1.706798428679607849e-01 9.846554816566990276e-01
1.360777527813288312e-01 1.000000000000000000e+00
9.434507829846883187e-02 9.775248972604709818e-01
4.834059019387948464e-02 9.079910237908213055e-01
2.972653822093329623e-03 7.954166000405231696e-01
-3.703290780122936443e-02 6.572329045539582193e-01
-5.519991841782623254e-02 5.845648620875707469e-01
