2.849364010876174191e-01 6.498743301527780680e-01
2.684669983222021106e-01 7.157519412144393023e-01
2.338883702380509799e-01 8.359572282323080028e-01
1.972379652054228050e-01 9.273672636163001748e-01
1.609215970135728924e-01 9.822248115220424403e-01
1.270309322445995481e-01 1.000000000000000000e+00
9.701672063739263940e-02 9.861012646838088758e-01
7.167069267143150180e-02 9.493079440680777248e-01
5.106573193495816954e-02 8.989403545084277969e-01
3.454115756878206600e-02 8.419997251304266461e-01
2.717425128930928135e-02 8.125321000125355075e-01
