2.616055852713410346e-01 6.713440654876738911e-01
2.469265737097845470e-01 7.300601117338998414e-01
2.156536577322584192e-01 8.385578712280347125e-01
1.808537925117351675e-01 9.247515060850508561e-01
1.432295455542605955e-01 9.805817138470790395e-01
1.033053127942895610e-01 1.000000000000000000e+00
6.102148916881322549e-02 9.782221229815737384e-01
1.638155938224938879e-02 9.107201404268723266e-01
-2.907084537119775103e-02 7.972249789346684823e-01
-7.172108142256861107e-02 6.492143867144946068e-01
-9.178096548862990645e-02 5.689748504502494253e-01
