3.120549974002477800e-01 5.637272579889909263e-01
2.948334148328777271e-01 6.326135882584711378e-01
2.553792722384405911e-01 7.681975986091525987e-01
2.064751660111971976e-01 8.882383710907064689e-01
1.505943515565504320e-01 9.707907317455295448e-01
9.276828562113076382e-02 1.000000000000000000e+00
3.927772746762786538e-02 9.751262395274462591e-01
-5.152067716285901877e-03 9.111404096321724655e-01
-3.922461876052257823e-02 8.284787912108224628e-01
-6.439832008526491514e-02 7.423005022447297652e-01
-7.505550507713065755e-02 6.996717622772667955e-01
