2.529659301979032549e-01 6.559942000280336583e-01
2.391459512156440814e-01 7.112741159570703520e-01
2.075841705586277675e-01 8.197794369103784673e-01
1.690416911437770953e-01 9.146061974148369522e-01
1.263447898511955714e-01 9.781037764475120078e-01
8.358478083977816109e-02 1.000000000000000000e+00
4.419181791667303738e-02 9.814708225358242943e-01
9.820809582871903309e-03 9.312579833323977319e-01
-1.933498050592274975e-02 8.596324439356392011e-01
-4.373715027083657780e-02 7.753377240951531135e-01
-5.482536081658118121e-02 7.309848819121746999e-01
