2.530551529704574421e-01 6.281347538141974773e-01
2.357845137863718854e-01 6.972173105505397039e-01
1.998507816780897839e-01 8.222891460594715651e-01
1.613184533583170710e-01 9.180168956232135358e-01
1.203269011699238389e-01 9.788776832071829359e-01
7.738197341361313653e-02 1.000000000000000000e+00
3.449449083454309006e-02 9.789351283844236473e-01
-5.290757613795049608e-03 9.204295031033237207e-01
-3.959832552822623031e-02 8.362271761927919655e-01
-6.769760635714822117e-02 7.394172439587733958e-01
-8.020969610440076281e-02 6.893688849697632293e-01
