1.996116573116804016e-01 7.632692755137329144e-01
1.914207664124304431e-01 7.960328391107327484e-01
1.718649937745944101e-01 8.628910479234908060e-01
1.447770492342262960e-01 9.284318187428131086e-01
1.089929586056328503e-01 9.799389721731885938e-01
6.668862444354228813e-02 1.000000000000000000e+00
2.339883560478467350e-02 9.789535174965215969e-01
-1.514749157895228793e-02 9.229073456325260771e-01
-4.617609431928565433e-02 8.473213820917844252e-01
-6.993043763747069930e-02 7.658327668791191645e-01
-8.015602289558088067e-02 7.249304258466784390e-01
