1.967884387002152291e-01 7.397865694040424156e-01
1.857923631883195981e-01 7.837708714516249398e-01
1.615238653311487083e-01 8.675724405350332402e-01
1.332084807173049557e-01 9.374756321079960042e-01
1.019462967713029578e-01 9.837807783225664959e-01
6.852280445061242897e-02 1.000000000000000000e+00
3.265111309114421267e-02 9.813325792837888084e-01
-6.931183653229755492e-03 9.208354065112520637e-01
-5.103473010142589583e-02 8.094396431948264192e-01
-9.794960416936859815e-02 6.449688173430889737e-01
-1.216758078172779367e-01 5.500640027514516195e-01
