2.121937657408610178e-01 6.542477490912230742e-01
1.997786660834066641e-01 7.039081477210404891e-01
1.698657445457334436e-01 8.060620119915145043e-01
1.298462846701706752e-01 9.035987536228589079e-01
8.164566148160012915e-02 9.743210148067733556e-01
2.991662122809379820e-02 1.000000000000000000e+00
-2.051972116660139012e-02 9.756137126655844982e-01
-6.661097672140725567e-02 9.078174888903882689e-01
-1.066710760380571443e-01 8.093421591608289667e-01
-1.396356117847173950e-01 6.958391472704474889e-01
-1.542450164351181208e-01 6.374015286688445858e-01
