1.699119089272669303e-01 8.195685302553654683e-01
1.634848937548607495e-01 8.452765909449901915e-01
1.482749174977829876e-01 8.973335348886296581e-01
1.278459904000447400e-01 9.469743501687777343e-01
1.013331654844336072e-01 9.851331410974555336e-01
6.833741244232099943e-02 1.000000000000000000e+00
2.938272033504357728e-02 9.791742020322906637e-01
-1.355756701329274838e-02 9.141194253033273487e-01
-5.708243553710518059e-02 8.056593091125170414e-01
-9.742839858226670646e-02 6.656858360750563808e-01
-1.163639824842428450e-01 5.899435004671518268e-01
