2.825989117781602111e-01 6.637934868214379058e-01
2.676378687287628289e-01 7.236376590190274349e-01
2.353049928391662826e-01 8.355973297372144559e-01
1.992511026909766780e-01 9.250769428737928290e-01
1.617895741278730926e-01 9.812205287448868551e-01
1.250177692291057907e-01 1.000000000000000000e+00
9.023873642327817635e-02 9.832133008378265426e-01
5.798329147617292678e-02 9.354891101057895009e-01
2.841021808458138453e-02 8.622386357159466108e-01
1.660548056388766458e-03 7.693442832098359441e-01
-1.098479436514410157e-02 7.187629135237044720e-01
