2.996740154361039465e-01 5.536361048868658763e-01
2.808739823396444457e-01 6.288362372727038796e-01
2.391430163090593197e-01 7.728291684609187584e-01
1.902339895126156089e-01 8.935781549879318053e-01
1.370230670065815115e-01 9.727671713562839884e-01
8.366419590707724341e-02 1.000000000000000000e+00
3.484247968976017518e-02 9.773043262384711882e-01
-5.820440916043723156e-03 9.186741587883922033e-01
-3.710990195308117023e-02 8.427730225215549487e-01
-6.002416608975141843e-02 7.644381801676363164e-01
-6.961621603365930611e-02 7.260699803920047657e-01
