2.535801458264932418e-01 6.530628704673548945e-01
2.384492878927430004e-01 7.135863022023558599e-01
2.056730174605645445e-01 8.270459714326414691e-01
1.685093136353273957e-01 9.190187915815439812e-01
1.280187094260993863e-01 9.790276871175809248e-01
8.472995606925326495e-02 1.000000000000000000e+00
3.900168711389589982e-02 9.765881715190696255e-01
-7.921567848915678223e-03 9.061534900743768439e-01
-5.330561862116872662e-02 7.935127642394990133e-01
-9.377919534532414003e-02 6.534910816332490935e-01
-1.123801477791077641e-01 5.790872718981145972e-01
