2.636377746312383863e-01 5.174022715903667802e-01
2.392087362542228979e-01 6.151184250984287338e-01
1.890103238757627757e-01 7.901427006108245887e-01
1.398121498297428822e-01 9.143084227043090095e-01
9.696636118189738696e-02 9.805830113967297645e-01
6.170701964247288229e-02 1.000000000000000000e+00
3.252690187270240729e-02 9.866622351663838497e-01
7.552494670915399499e-03 9.500511855964259844e-01
-1.443165858751527253e-02 8.957353681893047703e-01
-3.399482332146031016e-02 8.278302201437844898e-01
-4.321047716514547776e-02 7.909676047690438194e-01
