2.859984687767820333e-01 6.606465051193493032e-01
2.712665962388095542e-01 7.195739952712392196e-01
2.391843080459652437e-01 8.305527323877446300e-01
2.025641701050666654e-01 9.211434239244136180e-01
1.631358820672734744e-01 9.798414342482335559e-01
1.231274533093192347e-01 1.000000000000000000e+00
8.505148917474497638e-02 9.817738988716135928e-01
5.148036261162913796e-02 9.328577468737683231e-01
2.443418428495164330e-02 8.670642373284651594e-01
4.635617681493731101e-03 7.995711238065816850e-01
-3.461796030016062176e-03 7.671814689605425119e-01
