2.556865439169750953e-01 6.270822279705710045e-01
2.382015112901509912e-01 6.970223584778674208e-01
2.016200387900489721e-01 8.242518086049975823e-01
1.629171238216353679e-01 9.207540784151027058e-01
1.232941630291867208e-01 9.799835143026870421e-01
8.112475794419937714e-02 1.000000000000000000e+00
3.119670091608867102e-02 9.722248623595637351e-01
-3.237623130505706825e-02 8.728541355577085215e-01
-1.076868955001596961e-01 6.827199375531101122e-01
-1.804390566898100845e-01 4.312241624089017122e-01
-2.136783482650672639e-01 2.982669961078729948e-01
