1.856857413491408426e-01 7.883503797904469756e-01
1.772820859298726015e-01 8.219650014675199401e-01
1.583318202704726563e-01 8.872194538649880169e-01
1.349581182892657383e-01 9.445134680675335570e-01
1.072148523230325168e-01 9.850838257748419924e-01
7.608318008633818685e-02 1.000000000000000000e+00
4.377141888199420627e-02 9.839037368071923417e-01
1.326856847418667051e-02 9.389942991843849285e-01
-1.281772564517325019e-02 8.751420040413050438e-01
-3.323878207505781557e-02 8.051374852261268256e-01
-4.198013160058233773e-02 7.701720871240287369e-01
