1.936058359299401843e-01 7.731572629824348120e-01
1.818868321399724763e-01 8.200332781423056439e-01
1.586534741440998042e-01 9.014523559198913683e-01
1.362782915642037906e-01 9.577170752855883595e-01
1.151368292069979704e-01 9.897193660167852292e-01
9.453202135135380102e-02 1.000000000000000000e+00
7.265513831325676186e-02 9.884472908343323594e-01
4.671259415211309607e-02 9.481149116777126684e-01
1.381922215804154419e-02 8.638246306909740380e-01
-2.671113990228557444e-02 7.202067194482610901e-01
-4.873796496401716638e-02 6.320994192013347224e-01
