2.664816475338271928e-01 7.455593700017724146e-01
2.571255441312962908e-01 7.829837836118960226e-01
2.350936755063759431e-01 8.584354928891879677e-01
2.061737057965401521e-01 9.289511975312489955e-01
1.706493045621646498e-01 9.807198032530708431e-01
1.304547090757657291e-01 1.000000000000000000e+00
8.891864061129045593e-02 9.793783302749945463e-01
4.975090264904624693e-02 9.216645240755115820e-01
1.579518643271499156e-02 8.383434436637564602e-01
-1.167479924407482939e-02 7.438731489356897875e-01
-2.373513694177209477e-02 6.956317981449007259e-01
