2.433059663600560807e-01 7.133084976917241082e-01
2.305723123030140043e-01 7.642431139198924139e-01
2.035922534262450956e-01 8.579169446072412164e-01
1.734576511086508566e-01 9.324325540621565267e-01
1.396739281397291199e-01 9.821044745289456701e-01
1.017951607826247384e-01 1.000000000000000000e+00
6.072041323589522088e-02 9.789084943393204785e-01
1.953333887901853583e-02 9.176258512862466299e-01
-1.758059241876175349e-02 8.263796260891029810e-01
-4.765093990447533123e-02 7.231165987478317403e-01
-6.070292478860583874e-02 6.709086592113097103e-01
