2.233735688736233627e-01 7.372548475118612110e-01
2.111643835027452454e-01 7.860915889953736801e-01
1.855817199923525118e-01 8.750487648974299981e-01
1.581642673098273555e-01 9.432571484019949271e-01
1.297928415108248190e-01 9.856725487440080036e-01
1.011589118706019419e-01 1.000000000000000000e+00
7.294295575983084090e-02 9.860905222734597242e-01
4.607007475281421627e-02 9.462542379859667507e-01
2.171283023592135430e-02 8.861459077157645137e-01
9.490772403525915557e-04 8.144847369699059758e-01
-8.420834518799713564e-03 7.770050899332967553e-01
