3.004923971458239862e-01 5.630201752152501626e-01
2.803442843254813077e-01 6.436126264966208765e-01
2.370738921852155734e-01 7.935719157377607580e-01
1.903266087605470780e-01 9.101887619070208046e-01
1.454209897140574803e-01 9.787193850582558419e-01
1.076583320783231490e-01 1.000000000000000000e+00
8.058979372732605340e-02 9.894135043429930221e-01
6.438913257551054370e-02 9.675986776963689806e-01
5.582884253238146188e-02 9.475319730617903780e-01
5.054303158917794470e-02 9.293348538372967482e-01
4.820334519429492204e-02 9.199761082577646576e-01
