3.841282680748330236e-01 4.822426722316022207e-01
3.588658542711999910e-01 5.832923274461343510e-01
3.055923065898225044e-01 7.683753842938998435e-01
2.513327244553342776e-01 9.049056824406207511e-01
2.037855656756446532e-01 9.787012894770541482e-01
1.668249791686172712e-01 1.000000000000000000e+00
1.401746547898123363e-01 9.890115516052766509e-01
1.214497634473084009e-01 9.625502173149921292e-01
1.080043663772714546e-01 9.299504690526618766e-01
9.778129351908604328e-02 8.947671317421765913e-01
9.326717478315704746e-02 8.767106567984606080e-01
