2.394487006056840173e-01 6.586306894911211351e-01
2.253053177002637408e-01 7.152042211128022409e-01
1.936625189060722230e-01 8.242760004007970709e-01
1.559981817343699673e-01 9.171040906329728237e-01
1.145502270508563791e-01 9.787169665994174261e-01
7.289273965272602407e-02 1.000000000000000000e+00
3.469162925094471106e-02 9.821733435957664682e-01
2.236547356276430421e-03 9.350898362106634387e-01
-2.402586471462314632e-02 8.709310254883995128e-01
-4.486045362989099505e-02 7.992266564077928903e-01
-5.406105596469401586e-02 7.624242470685808071e-01
