2.110426434972523246e-01 7.590949043798471685e-01
2.004485799608362040e-01 8.014711585255116510e-01
1.775846389261566127e-01 8.806570451659665455e-01
1.517397878180652970e-01 9.446166248804126475e-01
1.240481002582716208e-01 9.858832860500341688e-01
9.631687059846066878e-02 1.000000000000000000e+00
7.052542388947191654e-02 9.878230690008563686e-01
4.807285684270695691e-02 9.550948659064700808e-01
2.938175456393099516e-02 9.092971951177635237e-01
1.409884213798401342e-02 8.565810116451302303e-01
7.231395943191665232e-03 8.291112268659608375e-01
