1.818866003884613836e-01 7.691254819731434544e-01
1.716091827798874592e-01 8.102351524074391520e-01
1.497363913227011123e-01 8.861309443875721170e-01
1.253519686620802043e-01 9.464951635574263555e-01
9.859955044079338204e-02 9.860366305907216633e-01
6.940650317848484629e-02 1.000000000000000000e+00
3.765139136766976202e-02 9.834745660422150593e-01
3.650330840139215383e-03 9.319978789449389067e-01
-3.133198389052510580e-02 8.445265613226915491e-01
-6.510135929774285568e-02 7.269557478547392648e-01
-8.136404654404194581e-02 6.619049988695429043e-01
