2.336649922871680829e-01 8.719388352713042245e-01
2.265426365797464925e-01 9.004282581009905861e-01
2.132344045449914294e-01 9.474753099126773659e-01
2.017221615434430237e-01 9.766856722431076498e-01
1.900649976649968487e-01 9.936692027957687579e-01
1.742015080862186482e-01 1.000000000000000000e+00
1.518390263960933684e-01 9.871702106844216784e-01
1.248113130182297859e-01 9.459445732442728350e-01
9.710950162348441772e-02 8.770370631223219915e-01
7.192992543584625365e-02 7.898226457042294424e-01
6.025423658066819677e-02 7.431198902835172149e-01
