2.277009523690649573e-01 7.113601442155754739e-01
2.167845750481623979e-01 7.550256534991857116e-01
1.918184127800064420e-01 8.408405176245561385e-01
1.597614945502262573e-01 9.190041390313699043e-01
1.192635640659112095e-01 9.775092027982117404e-01
7.065588090156027512e-02 1.000000000000000000e+00
1.773417395806553554e-02 9.731951790190679352e-01
-3.293859358337303256e-02 8.986544649171228638e-01
-7.572508192291405038e-02 7.941629464590063137e-01
-1.086763556468194336e-01 6.812763933424192953e-01
-1.227090875916903023e-01 6.251454655629358204e-01
