2.691642751218688012e-01 5.859817985295836529e-01
2.529483427585320632e-01 6.508455279829306050e-01
2.151287203474276932e-01 7.805203275795804529e-01
1.679334581195917053e-01 8.965145420830200607e-01
1.161907291611017357e-01 9.738488432215783863e-01
6.685368668021063332e-02 1.000000000000000000e+00
2.508055481133103504e-02 9.814127538335899459e-01
-7.746761927132750358e-03 9.343453665230724292e-01
-3.291878012330989867e-02 8.730693825065947156e-01
-5.251085322360293794e-02 8.056330377295459755e-01
-6.117097869977250468e-02 7.709925358248677085e-01
