2.654618197152864845e-01 5.711877953195494406e-01
2.453956188393483506e-01 6.514525988233019760e-01
2.033898128900151203e-01 7.975362175472398008e-01
1.586925273165906702e-01 9.088703937674837974e-01
1.131277242003325689e-01 9.771928773837712523e-01
6.828352922109176548e-02 1.000000000000000000e+00
2.597643106877184360e-02 9.797299742106921894e-01
-1.198976961286651877e-02 9.240675986367232753e-01
-4.456803799472713878e-02 8.440289683834718559e-01
-7.180209943609783263e-02 7.499748161075192598e-01
-8.415406738793840269e-02 7.005669443001569796e-01
