2.812945272139999453e-01 6.626148359840136060e-01
2.687493127321619601e-01 7.127956939113655466e-01
2.393377851807740875e-01 8.135754910473671497e-01
2.008916973516251536e-01 9.073339797752149050e-01
1.545586872392326061e-01 9.752467646472064988e-01
1.050097942203148671e-01 1.000000000000000000e+00
5.790688912108055142e-02 9.776927525668899222e-01
1.633308029697122521e-02 9.168523823517813476e-01
-1.986359890715078125e-02 8.275289061304145211e-01
-5.205648545418045670e-02 7.156874777554186329e-01
-6.731925418808737405e-02 6.546364028197909635e-01
