3.179675075026826558e-01 3.962662982239102405e-01
2.886814367905946588e-01 5.134105810722622287e-01
2.267545787952207625e-01 7.284772257704719145e-01
1.634712712159518411e-01 8.876846282122956566e-01
1.073135853220996694e-01 9.744848344021308506e-01
6.156413207698263612e-02 1.000000000000000000e+00
2.518270099238878457e-02 9.838528565626540878e-01
-4.333177021740963752e-03 9.409682439717405034e-01
-2.936313233281601098e-02 8.792471126152991978e-01
-5.176597539540250814e-02 8.012969610992444203e-01
-6.250759772369773870e-02 7.583304717860634980e-01
