2.135197124595804574e-01 7.382974880050476862e-01
2.028978809605426203e-01 7.807848140011990345e-01
1.793218447327183940e-01 8.621347541837095507e-01
1.507802389573925650e-01 9.321721704631475980e-01
1.168663241889663640e-01 9.816734862781132387e-01
7.818731623744967774e-02 1.000000000000000000e+00
3.752127861605925041e-02 9.796864566082394976e-01
-3.935007987314054212e-04 9.241704411704186883e-01
-3.129780637392587384e-02 8.490587604678654365e-01
-5.373436425549044104e-02 7.726155984937714827e-01
-6.286785258489069328e-02 7.360816451761704737e-01
