2.117644686929436304e-01 6.784812592677993415e-01
1.979553416222105122e-01 7.337177675507318142e-01
1.676014772273771714e-01 8.385884878059649550e-01
1.327182461201686925e-01 9.248996873444821354e-01
9.516808979240976019e-02 9.807883374553493239e-01
5.616285046338137521e-02 1.000000000000000000e+00
1.573705341887599030e-02 9.793677797398723239e-01
-2.636120673137415382e-02 9.158034796994997118e-01
-6.910250780716942209e-02 8.090456163622363750e-01
-1.096266500569806901e-01 6.682243085486641032e-01
-1.288755311211191579e-01 5.912287842921102321e-01
