1.737086639356444362e-01 7.439115665058604332e-01
1.617650340716244584e-01 7.916860859619403445e-01
1.373553753106754316e-01 8.768586921088074027e-01
1.113365515662343430e-01 9.413623684946186287e-01
8.201773581354365739e-02 9.842339790948213540e-01
4.717106069170884375e-02 1.000000000000000000e+00
5.707630800336427335e-03 9.776172243252837513e-01
-4.035966481093933300e-02 9.078654087774484793e-01
-8.576954952257820342e-02 7.953202745790913797e-01
-1.248235034260839482e-01 6.608298237401477593e-01
-1.421520925545103342e-01 5.915154672264422153e-01
