1.468547796471624256e-01 8.252546617142204610e-01
1.375847082158742074e-01 8.623349474393733338e-01
1.193084551965295503e-01 9.264337779286955232e-01
1.021054413707342956e-01 9.698459871683424716e-01
8.702843495490553138e-02 9.931198258219100516e-01
7.494651908088145742e-02 1.000000000000000000e+00
6.629963641320313350e-02 9.965548590282558017e-01
6.086546706264162054e-02 9.891316612988769741e-01
5.771384534538015476e-02 9.816658245259098914e-01
5.546316028244346885e-02 9.738256776126072989e-01
5.437506855795093408e-02 9.694733107146371598e-01
