1.927669733531820473e-01 7.583762358584058560e-01
1.836874984989449455e-01 7.946941352753542631e-01
1.630812837650577052e-01 8.655922543312530859e-01
1.364381965084439097e-01 9.304051687241308155e-01
1.016407808705093174e-01 9.803189317390290647e-01
5.839344951440333942e-02 1.000000000000000000e+00
1.088855984954112399e-02 9.760613734302727718e-01
-3.278367002727305968e-02 9.126555402463716327e-01
-6.587016812421969680e-02 8.331296492626187877e-01
-8.707527899016975770e-02 7.616621005886781148e-01
-9.492749506626019240e-02 7.302532362843163760e-01
