2.216073553484574354e-01 7.775059809468660710e-01
2.106634142222927331e-01 8.212817454515248805e-01
1.880127280432244419e-01 9.001777451148944564e-01
1.650044094457989718e-01 9.579011273626489853e-01
1.439549731271234645e-01 9.902521372258463739e-01
1.267035582577714647e-01 1.000000000000000000e+00
1.139877114166177874e-01 9.947877052540446963e-01
1.053987738930896034e-01 9.828221249529436321e-01
9.981371647949033310e-02 9.694435954897187013e-01
9.593583573129282893e-02 9.561404871329550748e-01
9.426636961912171486e-02 9.494626226842706185e-01
