4.145988123804185133e-01 2.701076127134749427e-01
3.828182934448056685e-01 3.972296884559265440e-01
3.107543821406892892e-01 6.452019413038885265e-01
2.294364493507889957e-01 8.481211992521926479e-01
1.534970489768853197e-01 9.650951400474930830e-01
9.142510721971064402e-02 1.000000000000000000e+00
4.335726267737138873e-02 9.790992372623285034e-01
5.994220166268604544e-03 9.252739149777944316e-01
-2.387200025956254246e-02 8.521375334737322227e-01
-4.853270475831672481e-02 7.668986561311154082e-01
-5.978946860467104774e-02 7.218716007456981165e-01
