3.037552911142999967e-01 6.234387986057874365e-01
2.887302508668079248e-01 6.835389595957557241e-01
2.552291391947587584e-01 7.990673348593952952e-01
2.140105476606952717e-01 8.999805893520793632e-01
1.640008423367349533e-01 9.727328147855460738e-01
1.066024718298512197e-01 1.000000000000000000e+00
4.717563298896604307e-02 9.707043464515445752e-01
-7.079950004779733685e-03 8.914888340125084465e-01
-5.137717080454834440e-02 7.835571010584929663e-01
-8.502148151408894794e-02 6.683171495748088109e-01
-9.932850086915134824e-02 6.110890721545592097e-01
