3.643476034680399600e-01 4.865176326793334560e-01
3.429909988441477431e-01 5.719440511749023237e-01
2.938869090574278697e-01 7.406129251589541607e-01
2.360066355770240598e-01 8.841209572825894369e-01
1.780671142183187783e-01 9.721932669588708720e-01
1.264050131843776903e-01 1.000000000000000000e+00
8.164587563796510405e-02 9.790962304463993737e-01
4.146543688566595165e-02 9.196391224954016952e-01
4.092997535231734929e-03 8.267984736427975712e-01
-3.045545854339648528e-02 7.067004194800203809e-01
-4.690814447028901490e-02 6.408896757724502624e-01
