2.463183315238859361e-01 7.281397931488176045e-01
2.333848284468318379e-01 7.798738054570339973e-01
2.070967590125674107e-01 8.716715168368813771e-01
1.795292946536940493e-01 9.401610119118384290e-01
1.496098006096132638e-01 9.842934039575822469e-01
1.164375164843833854e-01 1.000000000000000000e+00
8.031351951230503161e-02 9.813416911107337715e-01
4.322507853518797738e-02 9.258231180457658915e-01
8.266872484899601137e-03 8.393786319827516440e-01
-2.176344988826950377e-02 7.357854164525127194e-01
-3.526569829900105812e-02 6.817764228095865020e-01
