2.765051359292534094e-01 5.720148929673103400e-01
2.599430895548492382e-01 6.382630784649270250e-01
2.215558001001201038e-01 7.699869932035185993e-01
1.730300589009864387e-01 8.888637186821108926e-01
1.174619182420418850e-01 9.711323574598641484e-01
6.123159928686161546e-02 1.000000000000000000e+00
1.063710710960141803e-02 9.767681842377842205e-01
-3.069622185127829361e-02 9.173333420782405767e-01
-6.208007528471248815e-02 8.412832949766019253e-01
-8.485476447569917369e-02 7.634668784474254455e-01
-9.434711343191559685e-02 7.254974826225597528e-01
