3.012346573676154549e-01 6.476109863920722631e-01
2.872032473525252261e-01 7.037366264524331783e-01
2.559130052453360005e-01 8.116387627890910839e-01
2.173818283717580124e-01 9.059599486283460568e-01
1.703618026859310408e-01 9.742523190956520196e-01
1.156160330194021535e-01 1.000000000000000000e+00
5.780247490276074762e-02 9.711845306455395566e-01
4.103741516720549320e-03 8.926025332279196034e-01
-4.005583674654211723e-02 7.850070624697113031e-01
-7.353150469459268646e-02 6.703807049091919934e-01
-8.773085841096028847e-02 6.135832900437215853e-01
