3.049799406562128112e-01 5.901916120278065669e-01
2.893768148301691934e-01 6.526041153319810384e-01
2.533519180448665642e-01 7.762819315139325438e-01
2.072259807415076649e-01 8.889555770799093537e-01
1.517037692814623417e-01 9.701819548840545648e-01
9.159957663222806357e-02 1.000000000000000000e+00
3.497886090918461699e-02 9.736654318102453409e-01
-1.165064197726117801e-02 9.067409942271084100e-01
-4.689903066734574244e-02 8.212907628535459637e-01
-7.315262053404347764e-02 7.312298573801483403e-01
-8.445275640734783984e-02 6.860293138869308915e-01
