3.137136128959909787e-01 5.657623616942799583e-01
2.969556646709172743e-01 6.327941545945747759e-01
2.572428752949076358e-01 7.686904709476773956e-01
2.071377082932379654e-01 8.918556461019526704e-01
1.530655313442143006e-01 9.730781489017100716e-01
1.027112520841859111e-01 1.000000000000000000e+00
6.000146586302101959e-02 9.807226419405735696e-01
2.508997695712639198e-02 9.301770221882107448e-01
-3.125728821002760061e-03 8.611640357002914303e-01
-2.572147869680646570e-02 7.833626111287376181e-01
-3.573565364094921648e-02 7.433059113521666150e-01
