2.962023096736556838e-01 7.053458978781925737e-01
2.828423758355653739e-01 7.587856332305538132e-01
2.547155615771574677e-01 8.565260098438678416e-01
2.238435065528792123e-01 9.330370003127419487e-01
1.903620067092501866e-01 9.826236747603316335e-01
1.548515739201705155e-01 1.000000000000000000e+00
1.189755848392589632e-01 9.822581184684997524e-01
8.526574791812446819e-02 9.325803261577310099e-01
5.606297722725200883e-02 8.609399694747479348e-01
3.255602799895646049e-02 7.801469878628038979e-01
2.228389407189912408e-02 7.390584521545745522e-01
