3.450136768304994384e-01 4.913849994338193028e-01
3.249156826573986745e-01 5.717769761262223582e-01
2.773383590968812040e-01 7.346069409808755335e-01
2.186940962991748005e-01 8.793747959637050471e-01
1.583814942810273241e-01 9.708523313921422204e-01
1.057925553760333814e-01 1.000000000000000000e+00
6.491431453131624174e-02 9.825630294524190234e-01
3.455096922745048982e-02 9.392733093922684962e-01
1.159675714432412130e-02 8.833370478991742214e-01
-6.738997241630240165e-03 8.200218676821983133e-01
-1.504691430074300840e-02 7.867901994457472403e-01
