2.463003686404412473e-01 7.022839476301403483e-01
2.334368293293396235e-01 7.537381048745468437e-01
2.050916867648902020e-01 8.516370718789967320e-01
1.725873051979230910e-01 9.321274382662787517e-01
1.386510243310624668e-01 9.830864974467586892e-01
1.064421999063772661e-01 1.000000000000000000e+00
7.832371901816592707e-02 9.871768409832325508e-01
5.534659719358958618e-02 9.540457563508473182e-01
3.749189240982775395e-02 9.106356048073707132e-01
2.412720636998400003e-02 8.648776026239486381e-01
1.846326230609318664e-02 8.422218263683853845e-01
