2.764119387023633578e-01 6.067950174578948808e-01
2.586468058850617258e-01 6.778555487271014091e-01
2.204900503075007956e-01 8.100909482770858316e-01
1.784820507245876708e-01 9.144985702031713792e-01
1.357313358261733605e-01 9.788656619242395163e-01
9.525889122471631332e-02 1.000000000000000000e+00
5.895540302508300856e-02 9.830346183260632031e-01
2.739949652503437250e-02 9.368881869999027279e-01
3.493749474878238281e-04 8.703283470933749211e-01
-2.271247694434097575e-02 7.905405362774944322e-01
-3.331473208473512138e-02 7.481315157159178497e-01
