2.126443461069209562e-01 6.736760717458722958e-01
1.963227748796037009e-01 7.389623566551413170e-01
1.634814181850028358e-01 8.538079979662611674e-01
1.307503209479867756e-01 9.357899779075768976e-01
9.864530990177522440e-02 9.841063007235208993e-01
6.700297531020382724e-02 1.000000000000000000e+00
3.565797076344279226e-02 9.844036307683312614e-01
4.966394624683845294e-03 9.386168477224821061e-01
-2.411657966259062036e-02 8.664631317677489175e-01
-5.036701339482974049e-02 7.754491642189766942e-01
-6.262967974688460338e-02 7.263984988107572427e-01
