2.448869461261535818e-01 6.763645842252381524e-01
2.297584646989496715e-01 7.368785099340537936e-01
1.979141857385112724e-01 8.475398282425729013e-01
1.639497441220160168e-01 9.321845090087979013e-01
1.300419986264149674e-01 9.833408985876597175e-01
9.808801615276790953e-02 1.000000000000000000e+00
6.912141367692503646e-02 9.863282785854639023e-01
4.326144072997656354e-02 9.482800541061030541e-01
2.004345052066192068e-02 8.908143350105715008e-01
-1.192254292309846697e-03 8.169012544355866989e-01
-1.139822042837934646e-02 7.760773898913086999e-01
