1.621957277280152709e-01 8.030805936073857065e-01
1.545210328554670332e-01 8.337793730975786577e-01
1.366090620184436943e-01 8.951899804811969119e-01
1.142044740292161853e-01 9.502364324241270310e-01
8.932269024127970081e-02 9.872855282368159235e-01
6.454668830817478220e-02 1.000000000000000000e+00
4.124536194020778090e-02 9.887602038019538409e-01
1.901875811533759730e-02 9.555467923502596328e-01
-3.037207861099400219e-03 9.003657020477726647e-01
-2.485516746059246440e-02 8.241630219994133810e-01
-3.560396871047255551e-02 7.811678169998930166e-01
