2.943856753859810382e-01 5.658747057658954915e-01
2.714253708842819801e-01 6.577159237726917240e-01
2.259049310941283473e-01 8.172375476448516807e-01
1.833086166746067391e-01 9.249903117723494717e-01
1.458037725607814750e-01 9.825313350172417692e-01
1.125423088529559079e-01 1.000000000000000000e+00
8.181097980532603398e-02 9.850614696774374623e-01
5.222749039471974442e-02 9.408330211787874209e-01
2.281310026624649989e-02 8.672348098814114392e-01
-7.038777549364161334e-03 7.625967296593982869e-01
-2.212122432454532994e-02 7.022669425586736125e-01
