2.150321576260285639e-01 6.536926105747657978e-01
2.012068294203904761e-01 7.089939233973181487e-01
1.693757652864658070e-01 8.183124440047302439e-01
1.302201254569400612e-01 9.146294595920683168e-01
8.753485525297421965e-02 9.784646336972733227e-01
4.707120025481137393e-02 1.000000000000000000e+00
1.320382117605756189e-02 9.850609096166823564e-01
-1.302410977546369919e-02 9.475441380969574778e-01
-3.295887450200685187e-02 8.990286844855316373e-01
-4.851113551696645265e-02 8.454655645840327693e-01
-5.541747237358651823e-02 8.178402171575525070e-01
