2.538015737864087740e-01 7.001261305125909828e-01
2.377034716615541443e-01 7.645185390120095015e-01
2.062816562303171342e-01 8.748820874305751616e-01
1.772763588774632915e-01 9.482163954426652275e-01
1.513845565987959052e-01 9.877897817678040759e-01
1.272522950244097117e-01 1.000000000000000000e+00
1.021701470785608690e-01 9.868398953963414266e-01
7.415418774500592836e-02 9.439680813328901188e-01
4.423585502662497060e-02 8.690689379076436127e-01
1.611579320111666824e-02 7.716511685940949938e-01
3.058209364092956406e-03 7.194208332460001465e-01
