2.982992447810071113e-01 7.257315020499746083e-01
2.839345427703616753e-01 7.831903100925563521e-01
2.552666455873673357e-01 8.835587036521848070e-01
2.280370175856112347e-01 9.523211548280459127e-01
2.041975949996341910e-01 9.890870102434301536e-01
1.844251425794205534e-01 1.000000000000000000e+00
1.685164569502029530e-01 9.929507770344261353e-01
1.558669853199339261e-01 9.747010567394619462e-01
1.456820622762901030e-01 9.497465362732256944e-01
1.371304798660460955e-01 9.201248810111982701e-01
1.331635718347506936e-01 9.042572488860166624e-01
