3.359933127498264671e-01 5.567974297267463957e-01
3.168930266148078934e-01 6.331985742668206907e-01
2.735637778681728749e-01 7.822866066417443198e-01
2.242982309275795005e-01 9.050466631345475133e-01
1.768215624948532572e-01 9.775599158962506863e-01
1.347877262162704426e-01 1.000000000000000000e+00
9.748677821617734995e-02 9.822928041747404082e-01
6.340140850164566189e-02 9.318292605709366239e-01
3.197043472501559513e-02 8.539145131303185199e-01
3.458368236940234652e-03 7.549190470653750484e-01
-1.000089836377715535e-02 7.010819806625054884e-01
