1.577202124518213289e-01 8.102022586385904113e-01
1.496000570357398640e-01 8.426828803029162707e-01
1.318425799347050509e-01 9.040754670221021749e-01
1.112676927207052469e-01 9.548625631350551313e-01
8.869897428823281249e-02 9.883688470965740214e-01
6.564510904072867747e-02 1.000000000000000000e+00
4.388828478796719113e-02 9.896658880913167255e-01
2.484114123104891325e-02 9.619057128861634443e-01
9.124130013649367488e-03 9.234677108821998104e-01
-3.398816827161144083e-03 8.803799030881223064e-01
-8.917784098807057802e-03 8.583040340015386516e-01
