1.966829137943695294e-01 8.259931274094229892e-01
1.895162476714187250e-01 8.546597919012262068e-01
1.738393752507543244e-01 9.088570752861702129e-01
1.551108472018611906e-01 9.548243376816700767e-01
1.325230160426962289e-01 9.876304905920145760e-01
1.052693650801211911e-01 1.000000000000000000e+00
7.300103373577992993e-02 9.826158102102483527e-01
3.644818145320360969e-02 9.268942954348473595e-01
-2.223995573292225636e-03 8.300464268481845265e-01
-3.987514681436304942e-02 6.989453364175723937e-01
-5.802278352176271081e-02 6.263547895879737482e-01
