2.646533096713719058e-01 5.791576471265647008e-01
2.441218090912208316e-01 6.612836494471689974e-01
2.017427305022998496e-01 8.089523857940830176e-01
1.584351088377011774e-01 9.174152071320502699e-01
1.171427124037263123e-01 9.801676472218538994e-01
7.979901784998749692e-02 1.000000000000000000e+00
4.736463834555082464e-02 9.850769622711560425e-01
2.003929417466304708e-02 9.453493116582244449e-01
-2.547593052942498382e-03 8.899909564174516285e-01
-2.110320161606366041e-02 8.259531029505287059e-01
-2.947422939362309702e-02 7.924689918402909594e-01
