2.911902902382965674e-01 7.184248097355101503e-01
2.789704035721365383e-01 7.673043564001502670e-01
2.523161366334376599e-01 8.594870438824069314e-01
2.219011464870278560e-01 9.347514044477653883e-01
1.892768487109105502e-01 9.833563120977536487e-01
1.561247112514094204e-01 1.000000000000000000e+00
1.238122707056752425e-01 9.841960090115206006e-01
9.328361139697155524e-02 9.389426813825926255e-01
6.517532465042968903e-02 8.693424894631913702e-01
3.993535717490520609e-02 7.817662379874109613e-01
2.807900812569830151e-02 7.343408417905833430e-01
