1.918081468395427258e-01 6.874033391843075158e-01
1.789876365556630766e-01 7.386853803198261126e-01
1.499665725493662949e-01 8.385690826225961070e-01
1.151693003272575844e-01 9.243641807892306606e-01
7.735139072187291465e-02 9.807788088943069083e-01
3.991677368364043854e-02 1.000000000000000000e+00
5.309501192190924090e-03 9.836061534410898144e-01
-2.555418622625682534e-02 9.382726251631045011e-01
-5.273648321402962802e-02 8.711955750593236569e-01
-7.657130701538072959e-02 7.885687359821544895e-01
-8.769367468849664782e-02 7.440792652896908166e-01
