2.108058516275512773e-01 6.508921557598381646e-01
1.940329804436067285e-01 7.179836404956163598e-01
1.591375622569659587e-01 8.394427662394832179e-01
1.229338628604366157e-01 9.299727120352381249e-01
8.792021887805567815e-02 9.830675084114521844e-01
5.576365019521767330e-02 1.000000000000000000e+00
2.714122710513061643e-02 9.866016540042030769e-01
2.095842469989728230e-03 9.499092307297182236e-01
-1.953206783847816208e-02 8.966725384436585733e-01
-3.788990693305416269e-02 8.332220537344784406e-01
-4.626687435850629360e-02 7.997141840326699169e-01
