1.477468664407264320e-01 7.808434925514244895e-01
1.384256881268136619e-01 8.181282058070755703e-01
1.181327968836862752e-01 8.883280578503705005e-01
9.456302661142479415e-02 9.464393113241080790e-01
6.778268227347883368e-02 9.858177130051009041e-01
3.793620956707632885e-02 1.000000000000000000e+00
5.595052569036473855e-03 9.833230287134635539e-01
-2.762432246019863591e-02 9.335612499415297805e-01
-5.905377749855333924e-02 8.558152885691643341e-01
-8.612079116422766134e-02 7.624342852021230854e-01
-9.830075353424594375e-02 7.137144357220499558e-01
