3.559000694857972213e-01 4.912000587665210638e-01
3.342654184690564412e-01 5.777386628334841845e-01
2.857269190384292834e-01 7.449888121421064380e-01
2.293655930376470309e-01 8.846153125575573206e-01
1.716732493164256912e-01 9.717651338656745352e-01
1.192099692741307448e-01 1.000000000000000000e+00
7.582810664222000563e-02 9.808465512760586869e-01
4.240235144753845553e-02 9.331484896106368998e-01
1.789212887552393827e-02 8.738901283653336405e-01
4.231388225401921943e-04 8.142520842546728810e-01
-6.807935129169329080e-03 7.853277884478347959e-01
