1.928275339079059680e-01 7.040660209786517854e-01
1.773020304848291762e-01 7.661680346709589529e-01
1.465038836531251665e-01 8.740879785891477738e-01
1.173076116875124697e-01 9.477531659290003851e-01
9.118419465201266227e-02 9.878002115214856715e-01
6.835897185061862169e-02 1.000000000000000000e+00
4.830831319843326144e-02 9.905747756706944074e-01
3.026660180471679729e-02 9.639165772125670717e-01
1.355297159545204577e-02 9.223921736491835777e-01
-2.250230657124541178e-03 8.672765077837312209e-01
-9.956289764847192636e-03 8.364522713528406150e-01
