2.007806201512389865e-01 8.455797603875592205e-01
1.948522826545997511e-01 8.692931103741161625e-01
1.814108164703309711e-01 9.155458464235617377e-01
1.643199790493501400e-01 9.572406499531529445e-01
1.429403040259266122e-01 9.881980337099277589e-01
1.176743505066872308e-01 1.000000000000000000e+00
9.040390014606181079e-02 9.861935368685417203e-01
6.393467132417701704e-02 9.470615423562304125e-01
4.068206083292663644e-02 8.899664765729058402e-01
2.174184883872770646e-02 8.247954733969339314e-01
1.339148164535264307e-02 7.913940046234336778e-01
