3.518787654122688124e-01 2.805559092360274676e-01
3.190670196314723261e-01 4.118028923592134127e-01
2.452482897807950479e-01 6.660708276920417337e-01
1.660022529800108115e-01 8.655698853634909984e-01
9.878719566175631073e-02 9.710239954126489437e-01
4.922191160447797476e-02 1.000000000000000000e+00
1.335112351184819524e-02 9.847184913772975001e-01
-1.404256391562125339e-02 9.452126251450611027e-01
-3.609333869391784244e-02 8.911724796149382843e-01
-5.419877018190760731e-02 8.286893496365088652e-01
-6.236560569636773188e-02 7.960220075786683669e-01
