1.920695940355394704e-01 8.112686654755001392e-01
1.840045392383451439e-01 8.435288846642774452e-01
1.666362839319601719e-01 9.036987053806266879e-01
1.465537237913553392e-01 9.531670261710269987e-01
1.231372368768688386e-01 9.873628727169276864e-01
9.551565711187082197e-02 1.000000000000000000e+00
6.286266965686349018e-02 9.823314650269183712e-01
2.519659259621787051e-02 9.246678458787087607e-01
-1.563648166060005451e-02 8.221661651958189765e-01
-5.588960166183559730e-02 6.819892173601307395e-01
-7.530718949381720595e-02 6.043188660322043049e-01
