3.053849211428600885e-01 6.005110554637800302e-01
2.867002413456203325e-01 6.752497746527390543e-01
2.472712257492662991e-01 8.122215012390409106e-01
2.053920981302617133e-01 9.167240922761643596e-01
1.637541442683438930e-01 9.794968379579724882e-01
1.239126237281756859e-01 1.000000000000000000e+00
8.692295121811577374e-02 9.823486859880807831e-01
5.384653698684949141e-02 9.338471715374674353e-01
2.550452516878715103e-02 8.642462363026275352e-01
2.080924116680704650e-03 7.834687436929169690e-01
-8.425765336710466791e-03 7.414419858793522833e-01
