3.089727512756499372e-01 5.958518306528923780e-01
2.891157406776396765e-01 6.752798730449334208e-01
2.483603003350440819e-01 8.174032046707304655e-01
2.070265015761579841e-01 9.209692319330879950e-01
1.675111175427019816e-01 9.809199849808447613e-01
1.311760810058910098e-01 1.000000000000000000e+00
9.886678118531955217e-02 9.849457216970842754e-01
7.116125372271520089e-02 9.445889450747912974e-01
4.812611767010221975e-02 8.881347860766409807e-01
2.923019322377767848e-02 8.229349751842671701e-01
2.071815567037749162e-02 7.888868249706664226e-01
