2.470039650934467979e-01 7.081910888799920478e-01
2.339279795521325145e-01 7.604950310452491813e-01
2.059206604130889851e-01 8.575929740036940530e-01
1.748165866914827005e-01 9.347324550446358682e-01
1.421828142138006346e-01 9.835389676461949726e-01
1.100071957772070785e-01 1.000000000000000000e+00
8.013003747308189428e-02 9.858374277786633444e-01
5.376253102089401104e-02 9.472649870956242335e-01
3.134359770187750138e-02 8.922131213694259877e-01
1.270473040824149358e-02 8.278716512830471830e-01
4.279862202770767787e-03 7.941721784611642798e-01
