2.129863490674785975e-01 6.720987331869665571e-01
1.980546136980494420e-01 7.318256746646831790e-01
1.660426631568961975e-01 8.427932616575720681e-01
1.310233392069934943e-01 9.299121247291015635e-01
9.597940157154427609e-02 9.828951711427293958e-01
6.385750534051559679e-02 1.000000000000000000e+00
3.625231717937871245e-02 9.874118792126211908e-01
1.316730028084228676e-02 9.538299662029271486e-01
-6.275101161783980253e-03 9.059996579862059640e-01
-2.305993113910193015e-02 8.478058434084028150e-01
-3.089925578495122949e-02 8.164485448250056177e-01
