2.095339307922099437e-01 7.655802639856013059e-01
1.990953882595393187e-01 8.073344341162838056e-01
1.769374704773242213e-01 8.842467299955997229e-01
1.522064058557681676e-01 9.454282344882563027e-01
1.249205230998963190e-01 9.857258066161397325e-01
9.525600351773988450e-02 1.000000000000000000e+00
6.373923909605239135e-02 9.838735617766086738e-01
3.145436644405957827e-02 9.354302546960143738e-01
4.075487017490830866e-05 8.573478544029617954e-01
-2.870694716167715432e-02 7.576122234208367834e-01
-4.219947204824603393e-02 7.036421238745612650e-01
