1.982600203305096009e-01 7.583813267776386979e-01
1.871716489630776969e-01 8.027348122473663139e-01
1.636104604003268959e-01 8.845067493030506212e-01
1.380204368292575756e-01 9.481596136405081587e-01
1.121002436495116550e-01 9.871970131960045025e-01
8.754627741081727477e-02 1.000000000000000000e+00
6.534919570333869165e-02 9.895538977272202441e-01
4.561058460174755025e-02 9.605227777968177172e-01
2.786837572018896481e-02 9.165886599809534019e-01
1.154187907493020582e-02 8.597323734526655103e-01
3.665082482418591248e-03 8.282251870826190521e-01
