2.781298355698789138e-01 6.969264120643332561e-01
2.589624596267267043e-01 7.735959158369420940e-01
2.235046223004152344e-01 8.991368037590287132e-01
1.972241362747048088e-01 9.679882371936088248e-01
1.812182548715092212e-01 9.939841432393555776e-01
1.678587375805805637e-01 1.000000000000000000e+00
1.488354448626997284e-01 9.883203678124033997e-01
1.218774805848347187e-01 9.460840714442699806e-01
9.027850550079558056e-02 8.665654782824210312e-01
5.899238583943317016e-02 7.577416426307420627e-01
4.402690917184148844e-02 6.978797359603753359e-01
