1.926804597650400019e-01 6.798011336847813446e-01
1.776425923558295761e-01 7.399526033216230481e-01
1.458797344684674702e-01 8.502790443929197917e-01
1.122584805772250949e-01 9.342465426535562223e-01
7.938175190400320602e-02 9.840195347398688064e-01
4.865990964933336604e-02 1.000000000000000000e+00
2.025538228216805514e-02 9.863368496273733355e-01
-6.258972928410266867e-03 9.469712895788433560e-01
-3.132275987498156500e-02 8.846311335770811191e-01
-5.512685030650082973e-02 8.016273539596237008e-01
-6.671835862940045381e-02 7.552613206680252045e-01
