2.651990133731396693e-01 7.305849513509936610e-01
2.552249648718473152e-01 7.704811453561630774e-01
2.317954111602505973e-01 8.507438549922455850e-01
2.011793500873954033e-01 9.254314823482603369e-01
1.638950912615255717e-01 9.798762970366809988e-01
1.225990853586505502e-01 1.000000000000000000e+00
8.171103810595126138e-02 9.802842556868567314e-01
4.559602082217123487e-02 9.277699654324399470e-01
1.660048426658800036e-02 8.571826287363270014e-01
-5.324754800297870627e-03 7.820779360537299940e-01
-1.465373028223726504e-02 7.447620341259724164e-01
