2.920402733532552197e-01 6.644728152249252950e-01
2.767040460316112505e-01 7.258177245115011722e-01
2.438199257969044798e-01 8.398063125372654536e-01
2.080096247321157055e-01 9.289748075799058036e-01
1.724970285220686073e-01 9.827498119416788747e-01
1.402358631893227403e-01 1.000000000000000000e+00
1.128001710055718254e-01 9.875752850906738267e-01
9.015370554254603652e-02 9.547070690739484222e-01
7.123928107736743343e-02 9.081855462321122285e-01
5.483988753480434353e-02 8.512806459733388564e-01
4.713316790372024112e-02 8.204537674490024468e-01
