2.724622406216856696e-01 6.545572040326597119e-01
2.561562213318775427e-01 7.197812811918922193e-01
2.224686127937914870e-01 8.371501260959585133e-01
1.868679226223062262e-01 9.257330956872069638e-01
1.497344704659097081e-01 9.810856487668108139e-01
1.118650749230201136e-01 1.000000000000000000e+00
7.506119913211806161e-02 9.821511685187983565e-01
4.150847678535629637e-02 9.328945553064764695e-01
1.271618093947540773e-02 8.622215586343939808e-01
-1.088393669489523541e-02 7.809094930772321197e-01
-2.139564934894511161e-02 7.388626424610326149e-01
