3.522562592090450195e-01 4.857123124938449443e-01
3.285641690467642206e-01 5.804806731429681399e-01
2.769140668300635877e-01 7.591230699553508376e-01
2.215617424878199015e-01 8.977857306942580440e-01
1.704546078349489235e-01 9.762871776349528741e-01
1.265820869351126920e-01 1.000000000000000000e+00
8.858386348112101683e-02 9.821614750807974303e-01
5.445196020801384984e-02 9.317361934537856660e-01
2.322189468666246981e-02 8.543393752436361233e-01
-5.174219750842312671e-03 7.556916046610637760e-01
-1.863364702090031244e-02 7.018538955808317770e-01
