3.290542550068022987e-01 5.597810939991887391e-01
3.108050012809443485e-01 6.327781089026205397e-01
2.695458632118983289e-01 7.748047768356165488e-01
2.205209628600226512e-01 8.958644618825559736e-01
1.684531938013006380e-01 9.739472469499655949e-01
1.188498315335128064e-01 1.000000000000000000e+00
7.515194244563744297e-02 9.798527201298781186e-01
3.774414670213682710e-02 9.251844085129987683e-01
5.086818413365279401e-03 8.444729395200627486e-01
-2.464230942459028073e-02 7.409532405836334323e-01
-3.897462484715297215e-02 6.836239788933826667e-01
