2.143170099919469163e-01 6.794272017082851889e-01
2.007922157763070148e-01 7.335263785708447948e-01
1.711236988181323859e-01 8.360567236610085828e-01
1.364492994111934365e-01 9.215492452174212090e-01
9.722392201990404104e-02 9.793052992731148265e-01
5.332548573349826793e-02 1.000000000000000000e+00
3.481695798768835726e-03 9.733599456247912229e-01
-5.335675520103855263e-02 8.863230980003852233e-01
-1.147722333212345958e-01 7.322750602643957052e-01
-1.737922255415765838e-01 5.274121728786251850e-01
-2.015951362663210844e-01 4.162005299796471824e-01
