2.632930757473672667e-01 5.627618281733743899e-01
2.418131657348702168e-01 6.486814682233625895e-01
1.974281353410872741e-01 8.033164694172084674e-01
1.524266873511145315e-01 9.162244857784398455e-01
1.105389302403344542e-01 9.802085704979067726e-01
7.379151511055653812e-02 1.000000000000000000e+00
4.256401241003149316e-02 9.857284829271596438e-01
1.625137834597512043e-02 9.473747318718872545e-01
-6.059722162289227221e-03 8.924825473383102281e-01
-2.514339109523383575e-02 8.264178551235801251e-01
-3.395707651113011316e-02 7.911631134599950155e-01
