3.395513214866774376e-01 4.791112123176186621e-01
3.148636866354851405e-01 5.778617517223878508e-01
2.630380048707733343e-01 7.580264318677155666e-01
2.087042356360073736e-01 8.938320172507669970e-01
1.556202442613908721e-01 9.741117309466299501e-01
1.056952931237614690e-01 1.000000000000000000e+00
6.006478748821164615e-02 9.784061764487095303e-01
2.003457090639176874e-02 9.199395668363602452e-01
-1.335484942351383708e-02 8.382076988771728354e-01
-4.003794482643069363e-02 7.464283445648816073e-01
-5.176801292997135207e-02 6.995080721507189736e-01
