2.285316188451296249e-01 6.255868099237940072e-01
2.096299241935122293e-01 7.011935885302635896e-01
1.712112256203905947e-01 8.353513789012458890e-01
1.333268833203971049e-01 9.306370674227371076e-01
9.864541703176565868e-02 9.836858720898578046e-01
6.831187128064492020e-02 1.000000000000000000e+00
4.248616058419740771e-02 9.881937071445310306e-01
2.085854114476659582e-02 9.567447611211383762e-01
2.910991421281095004e-03 9.127234385346436607e-01
-1.194025567008305533e-02 8.614446733087107733e-01
-1.866527962192354728e-02 8.345445775013488054e-01
