3.215722544385766213e-01 6.239558234650148805e-01
3.064673666005293118e-01 6.843753748172041185e-01
2.720722253681717717e-01 8.026656863523240482e-01
2.299822301520872969e-01 9.061359301788032283e-01
1.830501952414889111e-01 9.758677069111758584e-01
1.362819133986082343e-01 1.000000000000000000e+00
9.419955622849812693e-02 9.805536315839464834e-01
5.827558266701082790e-02 9.281520528770254019e-01
2.699031638553572865e-02 8.507738591780338311e-01
-1.987121466050290053e-03 7.496717689077311286e-01
-1.615689818159493640e-02 6.929926620455525432e-01
