2.655938185722332978e-01 5.378186208895505693e-01
2.426976763113004587e-01 6.294031899332819258e-01
1.952337398235014509e-01 7.946911416576117881e-01
1.476391108043405564e-01 9.144481939227997458e-01
1.048632077657404293e-01 9.802509317536945987e-01
6.885879308497816487e-02 1.000000000000000000e+00
3.941881325595175678e-02 9.868153666054304551e-01
1.559384123230328489e-02 9.523500559527030562e-01
-3.627863212347259836e-03 9.053252812478302936e-01
-1.915089119685992047e-02 8.518145351253513242e-01
-2.609255336580096341e-02 8.240478864495871525e-01
