3.959500007131682153e-01 4.322039773553703057e-01
3.708616888098612563e-01 5.325572249685981419e-01
3.152509965316275808e-01 7.244776137066061272e-01
2.533632642267913404e-01 8.787754586912053245e-01
1.927509935723940027e-01 9.707530812755121863e-01
1.374247310958796597e-01 1.000000000000000000e+00
8.922098904557568266e-02 9.778756017017224966e-01
4.932581493574000886e-02 9.202096517803286524e-01
1.770719768457007515e-02 8.431245758383770772e-01
-6.981330612325531426e-03 7.582183040904063587e-01
-1.782201746960943023e-02 7.148555566612707635e-01
