1.879286770933648043e-01 7.755654377650476050e-01
1.756906674060894069e-01 8.245174765141491946e-01
1.517519234708395448e-01 9.085717180071741783e-01
1.299079832702215720e-01 9.639603326563845886e-01
1.118881495984138663e-01 9.921233722808358024e-01
9.852011527804749313e-02 1.000000000000000000e+00
8.933831786767287841e-02 9.963096091908275609e-01
8.271040643060634245e-02 9.867441771258669281e-01
7.660592672007965342e-02 9.713682586221810134e-01
6.956706986612881671e-02 9.463797902890102032e-01
6.569517209481057218e-02 9.308921992037372251e-01
