2.370405723233313111e-01 6.054097118929369081e-01
2.165735765748170172e-01 6.872776948869940838e-01
1.749059039942710836e-01 8.327477083771461785e-01
1.351377107382791820e-01 9.334847717211616214e-01
1.018800965988599927e-01 9.853099022845410726e-01
7.522574996392755731e-02 1.000000000000000000e+00
5.135030707118354298e-02 9.880888060267294382e-01
2.470755649514855268e-02 9.467144988479300194e-01
-8.315422981160003335e-03 8.623771170217688908e-01
-4.593335099036577329e-02 7.301968278584898275e-01
-6.525985612602747121e-02 6.528908073158430359e-01
