2.107992658506083750e-01 6.695170918081996270e-01
1.932502848800581319e-01 7.397130156904005993e-01
1.586586780889535087e-01 8.610368170342647121e-01
1.262189465400027633e-01 9.429589059527205830e-01
9.769839951636305475e-02 9.868765587047566568e-01
7.385412890122550200e-02 1.000000000000000000e+00
5.454876167292321831e-02 9.914154620915919258e-01
3.904304782639050897e-02 9.689885723069345813e-01
2.637178050419641817e-02 9.378959462784769441e-01
1.564099573373201046e-02 9.007228985806887689e-01
1.066030234733705839e-02 8.808001250351089606e-01
