2.945610253317607619e-01 5.793431107064488383e-01
2.720246652083353478e-01 6.694885512001504946e-01
2.277668388209813655e-01 8.247983904856378556e-01
1.869243405396866509e-01 9.282048533121558531e-01
1.510267671957645774e-01 9.832234586734440729e-01
1.192712350821895084e-01 1.000000000000000000e+00
9.095046958225017075e-02 9.866582252870798042e-01
6.596980095579990655e-02 9.500386627470994716e-01
4.446335117147826033e-02 8.971582073076646013e-01
2.647649769384519125e-02 8.350783492679239028e-01
1.835720008700369998e-02 8.026011588405579378e-01
