1.953193747760562093e-01 7.317823651501367266e-01
1.833303266080259508e-01 7.797385578222577607e-01
1.576177231269305645e-01 8.688654164335741781e-01
1.290236765748464798e-01 9.397770648508074753e-01
9.891220900025021745e-02 9.847590236644226946e-01
6.864245264555746129e-02 1.000000000000000000e+00
3.903528853395499265e-02 9.854216159075129822e-01
1.042996431083798026e-02 9.427893515537659752e-01
-1.681436894545063065e-02 8.750832919155301370e-01
-4.195189533994669873e-02 7.877505794632044811e-01
-5.387202860878415045e-02 7.400700463878546742e-01
