4.016957144263511026e-01 5.035691756477400638e-01
3.823655904170570885e-01 5.808896716849161201e-01
3.363654652698679914e-01 7.382201711357774254e-01
2.787954104468483019e-01 8.800302819197118875e-01
2.188105514067042456e-01 9.709151946449805504e-01
1.670418146495127876e-01 1.000000000000000000e+00
1.287284672027694254e-01 9.843705839554286463e-01
1.027515477244536068e-01 9.480461610433683628e-01
8.523763447582033415e-02 9.058519247312130096e-01
7.253237096000780815e-02 8.621972804828517134e-01
6.699351725908408994e-02 8.400418656791568406e-01
