2.847626093698338856e-01 6.777283176520589869e-01
2.678643942636023123e-01 7.453211780769852801e-01
2.344912881909697600e-01 8.623387114011145105e-01
2.028402753591390661e-01 9.421156280311768771e-01
1.738980893747275047e-01 9.862339358810181533e-01
1.476591323887702090e-01 1.000000000000000000e+00
1.239948888108505232e-01 9.888086492890557633e-01
1.029409549745096686e-01 9.578921323273182908e-01
8.450932336599692452e-02 9.124598206271766765e-01
6.852418109677643754e-02 8.570883000334108548e-01
6.110808731067207678e-02 8.274239248889934117e-01
