2.201742903503163262e-01 6.405209380326226665e-01
2.011326666266350927e-01 7.166874329273476008e-01
1.638113602310067307e-01 8.476929758379139201e-01
1.287367914352781639e-01 9.361217961013181821e-01
9.679768948593725497e-02 9.848557841744405295e-01
6.828933736144221500e-02 1.000000000000000000e+00
4.336118130402177862e-02 9.884359802415151330e-01
2.177237214068977744e-02 9.568223816733359977e-01
2.784663114909879944e-03 9.098840440008434394e-01
-1.455993317039411261e-02 8.494685784805602324e-01
-2.294160983476534188e-02 8.159418718230753154e-01
