1.482297464531900921e-01 7.937318899130390015e-01
1.388766338093799790e-01 8.311443404882794539e-01
1.187932464798969745e-01 9.007476151205385806e-01
9.663622245392389232e-02 9.557919378581576364e-01
7.453219138300271052e-02 9.893227182693790089e-01
5.599097579817863268e-02 1.000000000000000000e+00
4.449276116643208212e-02 9.963657192224565362e-01
4.028143891343499705e-02 9.915773554940058299e-01
3.896062050662085774e-02 9.881919417490170332e-01
3.529553770662119394e-02 9.742753874803788960e-01
3.237423183798204818e-02 9.625901640058223130e-01
