3.017666934248959265e-01 6.796156334638867591e-01
2.870873678608303337e-01 7.383329357201491305e-01
2.553513706928522975e-01 8.482202527881488319e-01
2.209870632311529137e-01 9.340055393154600427e-01
1.879898328888829351e-01 9.843104055155169618e-01
1.586459880944159906e-01 1.000000000000000000e+00
1.324753728870982084e-01 9.874836351026661241e-01
1.073081335580233775e-01 9.496655213418503383e-01
8.119641513088743379e-02 8.839812404921834066e-01
5.397286886101726466e-02 7.885478994080977744e-01
4.021016658654208431e-02 7.334970903101970530e-01
