1.759158283196473604e-01 8.539217915266752446e-01
1.697994503991120396e-01 8.783873032088165278e-01
1.563142677472956210e-01 9.249592290848011045e-01
1.404074528980392422e-01 9.641416635145949598e-01
1.224782846553367222e-01 9.906088418752727609e-01
1.033679926575851171e-01 1.000000000000000000e+00
8.420010118607662575e-02 9.905512424015159301e-01
6.605405283716814235e-02 9.637079033021830332e-01
4.965055556824099492e-02 9.231947022458260044e-01
3.523522032070069976e-02 8.732395677741675577e-01
2.852609159166319408e-02 8.464030528580175350e-01
