2.864197594220261323e-01 6.336965736322639486e-01
2.698123410778812126e-01 7.001262470088436274e-01
2.339707094193766990e-01 8.242585603285020879e-01
1.945774217850013699e-01 9.222793489116123400e-01
1.557170962408075399e-01 9.812987487758219052e-01
1.213315939109397279e-01 1.000000000000000000e+00
9.301389121650777136e-02 9.873665484112577051e-01
6.998805829911824983e-02 9.539483341652209569e-01
5.063356406880886729e-02 9.062772328029400359e-01
3.366117481002561806e-02 8.473497886694691950e-01
2.565089845290446924e-02 8.153086832409845996e-01
