2.568390863824647763e-01 6.431081891225685077e-01
2.387618373386287685e-01 7.154171852979125390e-01
2.029039168058336395e-01 8.410681959401339336e-01
1.675383481827670273e-01 9.295800046752262791e-01
1.323283505203801669e-01 9.823748994717206307e-01
9.749688171293302563e-02 1.000000000000000000e+00
6.451974398687587708e-02 9.842292305531106233e-01
3.529322832297199231e-02 9.415469686721922304e-01
1.100097591603876879e-02 8.821259576684070680e-01
-8.250647217896367458e-03 8.159559713225852384e-01
-1.666576416191278831e-02 7.822955035465195550e-01
