2.054193633702678934e-01 8.390011676459763201e-01
1.988006917447557864e-01 8.654758541480247480e-01
1.839261907636875470e-01 9.167180287167415731e-01
1.660723879166052797e-01 9.606814637664622403e-01
1.464131197998363998e-01 9.899387053747572551e-01
1.270289898355702052e-01 1.000000000000000000e+00
1.098972647322781770e-01 9.921911102357314771e-01
9.567180235643868436e-02 9.715490752483210146e-01
8.359392304269869234e-02 9.417320099186718974e-01
7.255037435555089509e-02 9.032191218722498416e-01
6.716813237057217556e-02 8.816901539323349635e-01
