3.389907928345123889e-01 6.152367877684430386e-01
3.215134554132491607e-01 6.851461374534959514e-01
2.838281579218068229e-01 8.156793673490861929e-01
2.426080836315657185e-01 9.183274759997475112e-01
2.017718216314394741e-01 9.801758522199357504e-01
1.645955426658600729e-01 1.000000000000000000e+00
1.327535563195337276e-01 9.855101448391887509e-01
1.063549453514227583e-01 9.472027780637780614e-01
8.450526300127797485e-02 8.935624868206435423e-01
6.599200331089960514e-02 8.294503746019750157e-01
5.741967016336624319e-02 7.951610420118415679e-01
