2.631554653730512339e-01 6.047686859779373147e-01
2.475074598828888028e-01 6.673607079385870389e-01
2.113852966091543939e-01 7.913752032499526967e-01
1.666971029434444196e-01 9.012257483649446232e-01
1.173099771259167312e-01 9.748269100646103080e-01
6.890167933538449141e-02 1.000000000000000000e+00
2.566172179610315407e-02 9.799952503158612105e-01
-1.133979011006597259e-02 9.259969761876617467e-01
-4.293196577706437367e-02 8.482172114086968806e-01
-7.002264732671709124e-02 7.544498986550540742e-01
-8.251791543140174490e-02 7.044688262363154596e-01
