3.322093879670939831e-01 4.385808230512224792e-01
3.064798022268071520e-01 5.414991660123698036e-01
2.504424823867250627e-01 7.353407112729029027e-01
1.899539370532047355e-01 8.866255360397388152e-01
1.332667050730741432e-01 9.734935792535944765e-01
8.455636046197767541e-02 1.000000000000000000e+00
4.334050042797643609e-02 9.809880638306897049e-01
7.340413594050299029e-03 9.279998263321477259e-01
-2.515962295343993071e-02 8.474878673542929342e-01
-5.465733944612310991e-02 7.450088872664345496e-01
-6.864317005593190135e-02 6.890655648271993838e-01
