2.172743971719539591e-01 7.354484362843742851e-01
2.054350842782696196e-01 7.828056878591116430e-01
1.800344231573582920e-01 8.708469841155299651e-01
1.517891203418358925e-01 9.408989379738017522e-01
1.222385893287367686e-01 9.851334235751962876e-01
9.336486132078286593e-02 1.000000000000000000e+00
6.700932729822417500e-02 9.876516175605914993e-01
4.433687673216751834e-02 9.546550988678866867e-01
2.569655820009297820e-02 9.090582113983112222e-01
1.083933202776976579e-02 8.579455571144447568e-01
4.298356260872937540e-03 8.317816540468574438e-01
