2.170893296066953582e-01 6.730759402332195940e-01
2.035100054978701278e-01 7.273932366685205153e-01
1.735630310310047886e-01 8.308134841779417634e-01
1.380527610648476511e-01 9.182016744682961473e-01
9.715359829899572475e-02 9.782434568422651022e-01
5.115981798991697804e-02 1.000000000000000000e+00
3.524154512445365484e-04 9.734298346126714074e-01
-5.413052426194764344e-02 8.910341205736156400e-01
-1.086431119442288207e-01 7.554091318526356957e-01
-1.573228384436466953e-01 5.872900392113817869e-01
-1.794027515866469802e-01 4.989703866393806475e-01
