2.323894587561374792e-01 6.518426519881774794e-01
2.178702290523288898e-01 7.099195708034118368e-01
1.852487836868838000e-01 8.223031366035556955e-01
1.466599357215352395e-01 9.175830481958893170e-01
1.054514598194798980e-01 9.792781564016567186e-01
6.601354542979054330e-02 1.000000000000000000e+00
3.187556813302511172e-02 9.845780934945806973e-01
4.406193600118402109e-03 9.450612509341865808e-01
-1.693588512359373022e-02 8.930824827905374796e-01
-3.352535592455030411e-02 8.360192102829360206e-01
-4.082021602928209703e-02 8.068397698640088489e-01
