2.860287372279222140e-01 6.814124138900554684e-01
2.713778820946148862e-01 7.400158344232847796e-01
2.405162250201616780e-01 8.472516607799517319e-01
2.070605204174309488e-01 9.303738719265590706e-01
1.722474563807104841e-01 9.824318386248643842e-01
1.377072870114040004e-01 1.000000000000000000e+00
1.052860795024954110e-01 9.845508004852623340e-01
7.649577661391515626e-02 9.424193942228394905e-01
5.199912675169737764e-02 8.822705480100286879e-01
3.159188288353531604e-02 8.117971190257556868e-01
2.234018550374849976e-02 7.747903295066084217e-01
