2.786622862883976204e-01 7.303044541447385463e-01
2.645472628174141416e-01 7.867645480286724613e-01
2.368165531209465158e-01 8.840717005890588176e-01
2.104350534059705735e-01 9.504503862444948492e-01
1.856602465282179981e-01 9.879910066117392198e-01
1.619016303716461769e-01 1.000000000000000000e+00
1.378756101798512823e-01 9.877236025765161465e-01
1.121865512697427514e-01 9.486218821797829381e-01
8.443608674618696686e-02 8.787831500957402620e-01
5.591227464951220583e-02 7.790257047459723250e-01
4.172626558976855193e-02 7.222816685069977094e-01
