2.334036089840636485e-01 6.258816367288644322e-01
2.147906911520962581e-01 7.003333080567339941e-01
1.766858423880969253e-01 8.332607721806993828e-01
1.385691417477556975e-01 9.289861043934137808e-01
1.030621939444625879e-01 9.831178219050161760e-01
7.125391843172401707e-02 1.000000000000000000e+00
4.322210831060313563e-02 9.868942872966338653e-01
1.857014621036023883e-02 9.506960757995142064e-01
-3.206761468405039395e-03 8.969116021600951338e-01
-2.252183657982798071e-02 8.298819599962918847e-01
-3.160625340936240590e-02 7.935442926781541839e-01
