3.315237583117089937e-01 4.153343171897463382e-01
3.040008270806213719e-01 5.254260421140968251e-01
2.449686507718981110e-01 7.300455022713542297e-01
1.828831798465940794e-01 8.857256891995979320e-01
1.257460244463930454e-01 9.734390704474673583e-01
7.671524959486619721e-02 1.000000000000000000e+00
3.481255647867353975e-02 9.805671521828015491e-01
-1.763401891517302200e-03 9.268480832596183161e-01
-3.406924379356862653e-02 8.470736681064567897e-01
-6.254029154779144895e-02 7.483522084386243778e-01
-7.584860795295533809e-02 6.951189428179688212e-01
