3.416713290066701880e-01 7.215270439949597048e-01
3.261615989607323796e-01 7.835659641787109386e-01
2.955968560178900972e-01 8.907699230531755941e-01
2.684086873050309796e-01 9.602012733757983032e-01
2.485093239929301312e-01 9.922337925038537954e-01
2.363522764448598434e-01 1.000000000000000000e+00
2.274813975048751158e-01 9.955199611119394110e-01
2.147359470249168290e-01 9.745090990400834263e-01
1.934706890817328162e-01 9.189787368024290304e-01
1.651467276390212180e-01 8.186827373828690080e-01
1.498226125475959902e-01 7.573862770171680969e-01
