3.919225678702562554e-01 4.536974501249662062e-01
3.675804863045257775e-01 5.510657763878881177e-01
3.138768935730416043e-01 7.365186361480711152e-01
2.541922366761433238e-01 8.852494611076213715e-01
1.968169672299540096e-01 9.729478762849552709e-01
1.476608452446756536e-01 1.000000000000000000e+00
1.077852671885279889e-01 9.822284202140859621e-01
7.545636864330829141e-02 9.353422029095606050e-01
4.878799234457664724e-02 8.698943927726713321e-01
2.658550489404015726e-02 7.931955005099513567e-01
1.649407498292965180e-02 7.528297808655093348e-01
