3.024952682057304720e-01 4.415069003738989473e-01
2.747824538724834564e-01 5.523581577068870097e-01
2.164500933246017444e-01 7.550680536837791612e-01
1.585720633855373096e-01 9.014436597765427273e-01
1.092938932738086732e-01 9.779803136127011021e-01
6.909794530253315914e-02 1.000000000000000000e+00
3.512747128876853031e-02 9.842057875702119318e-01
5.347099800313503959e-03 9.404392570230899473e-01
-2.082090953270110401e-02 8.759213880827131371e-01
-4.326376919862917614e-02 7.983317996933484428e-01
-5.352477859020965401e-02 7.572877621270265314e-01
