2.033105710598861471e-01 7.353553194395334724e-01
1.920095945450571717e-01 7.805592254988493739e-01
1.674341993809299600e-01 8.655863875060599844e-01
1.389011292421030719e-01 9.359269464330119970e-01
1.068646024586090704e-01 9.832221247060346503e-01
7.275029417513134700e-02 1.000000000000000000e+00
3.862260055805283310e-02 9.832087393724338042e-01
6.398262927691023005e-03 9.355513247392763798e-01
-2.272224362169456002e-02 8.636228820939153561e-01
-4.824001419549711622e-02 7.752392293452949890e-01
-6.007035522270975925e-02 7.279178652364444169e-01
