2.028536314596121048e-01 7.469856833406383068e-01
1.905522853905532443e-01 7.961910676168737488e-01
1.651043537834416819e-01 8.848362085072672967e-01
1.390292758457714051e-01 9.501329499206605522e-01
1.140957508061016812e-01 9.879949673599478510e-01
9.117576304184010771e-02 1.000000000000000000e+00
7.024175011396749380e-02 9.899809421963368106e-01
5.081511908796421118e-02 9.611467379479934348e-01
3.240992289960370476e-02 9.153387226052520642e-01
1.476976579721295257e-02 8.537757171617094132e-01
6.127231660842613614e-03 8.192055806162280573e-01
