2.239438758076233160e-01 7.206461913759538707e-01
2.118516364281217701e-01 7.690151488939600544e-01
1.852348918398964983e-01 8.609576220381374156e-01
1.547923875507003499e-01 9.363671358252534382e-01
1.229759554633270691e-01 9.841015669930991416e-01
9.241250191692179650e-02 1.000000000000000000e+00
6.494486166536550531e-02 9.871973802879481230e-01
4.125158497040937178e-02 9.526134466100877329e-01
2.110684548650643144e-02 9.030698851412831685e-01
3.927118350267544411e-03 8.436050590973263041e-01
-3.998526284972658829e-03 8.119024805563654912e-01
