2.541426229261269931e-01 6.268457537803258095e-01
2.368515796646504246e-01 6.960099268262320837e-01
2.002392441171260140e-01 8.231379767302818840e-01
1.609504503535923448e-01 9.210368565433970645e-01
1.214688786252908770e-01 9.804859297491843595e-01
8.372249648108470721e-02 1.000000000000000000e+00
4.913742049568492476e-02 9.836472359079907468e-01
1.854762583654018249e-02 9.388204106817105155e-01
-7.959828420559755813e-03 8.735350784775461896e-01
-3.087516947301793824e-02 7.941441379576779092e-01
-4.152008683551167145e-02 7.515644685077029763e-01
