2.046214874066307754e-01 6.495309423559227913e-01
1.882463516820181981e-01 7.150314852543731003e-01
1.534811945864513749e-01 8.357020922656861472e-01
1.163847118606029518e-01 9.282850790883372394e-01
8.052725140477157151e-02 9.828490008990627969e-01
4.891035575928315282e-02 1.000000000000000000e+00
2.279910048962391356e-02 9.883546412748920318e-01
1.885450329091375998e-03 9.581726996789349249e-01
-1.483589890462777561e-02 9.172769434132019839e-01
-2.839293107993667853e-02 8.705018725102610100e-01
-3.449690545695094368e-02 8.460859750022039494e-01
