2.831059608433170727e-01 5.669095712073697335e-01
2.665590700008123592e-01 6.330971345773885872e-01
2.280621240337892264e-01 7.651348633209626993e-01
1.789776455101588226e-01 8.852538754927419262e-01
1.216045832565297857e-01 9.697613611454829474e-01
6.136343435497099152e-02 1.000000000000000000e+00
4.204303680389265274e-03 9.728433793724600154e-01
-4.643583178567517455e-02 8.987197290678711203e-01
-9.000381318682670884e-02 7.914992997029409727e-01
-1.272016509242385185e-01 6.627924153159208132e-01
-1.443150220990232491e-01 5.943389306167818908e-01
