1.830681119954673530e-01 7.436213518949705836e-01
1.716911780835135293e-01 7.891290875427858786e-01
1.469306860538641679e-01 8.747874975436877865e-01
1.192324736093652859e-01 9.435674805503810880e-01
9.101621388455582995e-02 9.860983946019938884e-01
6.461782744232169584e-02 1.000000000000000000e+00
4.136945729229812851e-02 9.892484108942044552e-01
2.146597384899434635e-02 9.601930331133924357e-01
4.446809713791244345e-03 9.182874350452914225e-01
-1.028220019764369830e-02 8.672386651972464611e-01
-1.714394031138377628e-02 8.397917047422861492e-01
