2.164252529299806049e-01 7.300086657969768744e-01
2.044046394140448530e-01 7.780911198607198820e-01
1.786104881780257170e-01 8.674941870847130421e-01
1.497895260758992375e-01 9.389096490090493852e-01
1.192443505804239301e-01 9.845022488865677879e-01
8.887453604319228706e-02 1.000000000000000000e+00
6.060206147768665286e-02 9.865995888582937967e-01
3.559354631528438562e-02 9.499829696751954655e-01
1.411350189295573765e-02 8.971509404289055301e-01
-4.078497564633243311e-03 8.342548830001822457e-01
-1.239855662058964025e-02 8.009746467763566580e-01
