3.018057022016737978e-01 4.900033477568905838e-01
2.788862324012050253e-01 5.816812269587656736e-01
2.290022274413169301e-01 7.542527116388987318e-01
1.739057753473862711e-01 8.914101509861793726e-01
1.196108508404759574e-01 9.738369924276010225e-01
7.095627858323128034e-02 1.000000000000000000e+00
2.964183466872638562e-02 9.811771207703408049e-01
-5.129728994878457460e-03 9.304568726727903138e-01
-3.488670962493178873e-02 8.571346152165759680e-01
-6.073235877431520935e-02 7.675603148151499688e-01
-7.276971172759094664e-02 7.194109030020470197e-01
