1.907916205321043002e-01 7.786083077672367736e-01
1.800812262404171138e-01 8.214498849339855191e-01
1.580365754072654561e-01 8.982942317251276787e-01
1.352773008616712236e-01 9.551470373577806150e-01
1.128508195405615311e-01 9.889985366830200686e-01
9.163594080214609860e-02 1.000000000000000000e+00
7.214843640017942761e-02 9.907259110194688301e-01
5.450580494762613526e-02 9.647147370948934153e-01
3.854948800416890808e-02 9.252143287365438562e-01
2.404338064287492305e-02 8.747776737628030208e-01
1.712504775301604276e-02 8.471043422033674997e-01
