1.943763425496927155e-01 7.412357822752566605e-01
1.826716711074944932e-01 7.880544680440495497e-01
1.576443177223920689e-01 8.748411996415550451e-01
1.300752552738668744e-01 9.433020064815096362e-01
1.017262585146216924e-01 9.858973837463758105e-01
7.472170498621366619e-02 1.000000000000000000e+00
5.074992026593089234e-02 9.889301525545011184e-01
3.055217539427540485e-02 9.596045102566890250e-01
1.402617030411568155e-02 9.191543924123664056e-01
6.582188170103919767e-04 8.730806941279484201e-01
-5.311625006091724721e-03 8.492013188355399533e-01
