2.290998487941322548e-01 7.414629705002528937e-01
2.147081592698286689e-01 7.990297285974672370e-01
1.868319365341408744e-01 8.970500863288342064e-01
1.619852859394302902e-01 9.602279207296395835e-01
1.420992463042500820e-01 9.914760777481461673e-01
1.283507144586773507e-01 1.000000000000000000e+00
1.213747539682589194e-01 9.982486491033004672e-01
1.206357555490144562e-01 9.985220031615110736e-01
1.235579901681956860e-01 1.006276354541599805e+00
1.263070748748857386e-01 1.015362811226633744e+00
1.271462774398496309e-01 1.018719621486489313e+00
