2.222525851443326594e-01 8.960634893444558990e-01
2.168234512428823813e-01 9.177800249502570118e-01
2.057479104016888272e-01 9.564357813752879522e-01
1.951297620396182930e-01 9.833184850391722964e-01
1.867890045592044412e-01 9.966309839419134065e-01
1.816196124678197688e-01 1.000000000000000000e+00
1.779082801725799801e-01 9.980890437380582902e-01
1.716952695951806662e-01 9.875739788452013723e-01
1.597217555590332294e-01 9.559554910522166660e-01
1.419425014477571634e-01 8.925099343278022346e-01
1.318347070571709301e-01 8.520787567654573014e-01
