2.113802783863540924e-01 7.278541083758951480e-01
1.997289261774304325e-01 7.744595172115897874e-01
1.739924444680607252e-01 8.633203145486225694e-01
1.442263088607045329e-01 9.369377152637810013e-01
1.126951664925950336e-01 9.841498637388006454e-01
8.226893470012452969e-02 1.000000000000000000e+00
5.526520187662425920e-02 9.875723627077708233e-01
3.273092920283016127e-02 9.549314546524118041e-01
1.456255804120620834e-02 9.105329765491049221e-01
5.957496513231408386e-05 8.605827800248683213e-01
-6.381672330882603994e-03 8.348177908408086489e-01
