2.143673156893770582e-01 6.582947200268187693e-01
1.980776327156666961e-01 7.234534519216602177e-01
1.641865880018749113e-01 8.414162690367459341e-01
1.287376225374108341e-01 9.299155617057555112e-01
9.369540339028858966e-02 9.828053845772604102e-01
6.061427266499114230e-02 1.000000000000000000e+00
3.060385970172074810e-02 9.858761023392874634e-01
4.390940131855092243e-03 9.475741608602686883e-01
-1.767959642249222751e-02 8.934515731063799038e-01
-3.565084268273122081e-02 8.315481027106180756e-01
-4.364057429777601360e-02 7.995891762504389044e-01
