2.437091679313485582e-01 6.896580018763140973e-01
2.303403892401549857e-01 7.431331166410883871e-01
2.011710097246027784e-01 8.440100338789385814e-01
1.676084062700664568e-01 9.269358416123698596e-01
1.310763270762513866e-01 9.812299234363626166e-01
9.386977212860925235e-02 1.000000000000000000e+00
5.875901871137062527e-02 9.833257249667661792e-01
2.823736038366875256e-02 9.389566833445962546e-01
3.744031853306795110e-03 8.793240810479783232e-01
-1.462352821828616367e-02 8.164997859975005046e-01
-2.234514305398516143e-02 7.856133266547045135e-01
