2.582385735113819081e-01 6.000045515728236190e-01
2.407939085876908969e-01 6.697832112675876637e-01
2.026029170276957281e-01 8.018008508712641813e-01
1.591773828600061558e-01 9.093982458429474836e-01
1.138765057814798975e-01 9.773783304528591565e-01
7.062677584840254541e-02 1.000000000000000000e+00
3.244549103600036233e-02 9.824467755735343255e-01
5.166988088288748671e-04 9.361424155456570251e-01
-2.548884584079008642e-02 8.725013493975060097e-01
-4.654804519162075715e-02 7.998945288430964196e-01
-5.597726769353827958e-02 7.621776388354263299e-01
