3.353413975364638588e-01 3.374823811922529337e-01
3.012570912549719093e-01 4.738196063182207318e-01
2.305590035559411666e-01 7.199981756968049096e-01
1.632037985283633086e-01 8.913223671694994188e-01
1.088649821131130180e-01 9.764026071947887742e-01
6.663818376181751546e-02 1.000000000000000000e+00
3.274835392157449121e-02 9.847395757058412524e-01
4.865948836098976660e-03 9.442351898290489709e-01
-1.814330647065470759e-02 8.878294047001047407e-01
-3.701254529135750149e-02 8.227397239327304268e-01
-4.549450959662337812e-02 7.888118667116669203e-01
