2.609816764392294264e-01 5.895736876860415698e-01
2.435260291352381312e-01 6.593962769020067505e-01
2.044007153965265999e-01 7.942278654221326395e-01
1.589721244346884443e-01 9.067547137805291868e-01
1.123494813249530377e-01 9.771362814173825129e-01
6.968546434344108365e-02 1.000000000000000000e+00
3.350606407568179623e-02 9.836208981311351796e-01
3.303605373607798601e-03 9.395950825958520047e-01
-2.275087913151985219e-02 8.752549859136782295e-01
-4.608292872442898425e-02 7.941579152139601749e-01
-5.718385064541964269e-02 7.497542275299975412e-01
