3.891903843906936444e-01 3.176740191841775918e-01
3.628306039957323037e-01 4.231131407640229547e-01
2.989764411739253003e-01 6.410354096244053057e-01
2.188803022047394187e-01 8.387220699896227316e-01
1.382413371995507845e-01 9.619627915371515847e-01
7.092863277530958577e-02 1.000000000000000000e+00
1.943639208915470817e-02 9.777832552752379058e-01
-2.056154905387613807e-02 9.200041177139383075e-01
-5.316977163901270842e-02 8.399606463767973485e-01
-8.042917750469263938e-02 7.457500490809454430e-01
-9.286155720350475207e-02 6.960205302856969922e-01
