2.391808875215721830e-01 7.524720973309708683e-01
2.277797752294966616e-01 7.980765464992729541e-01
2.038122785139011572e-01 8.813801489381349885e-01
1.779338945568905705e-01 9.457033012756761448e-01
1.507855451947286429e-01 9.861636501713286762e-01
1.223344326740761767e-01 1.000000000000000000e+00
9.177811269328695065e-02 9.840584427111919164e-01
5.861945140831403833e-02 9.336826774300541754e-01
2.422885051587736482e-02 8.477279787489089280e-01
-8.159930680045723861e-03 7.353463508614884736e-01
-2.337521497969696771e-02 6.744852136628834982e-01
