3.287109364351774587e-01 6.070660547640915894e-01
3.109104645232318997e-01 6.782679424118738254e-01
2.722546982093860812e-01 8.120357132653568399e-01
2.299691173278964884e-01 9.174621694302362851e-01
1.887002020430146310e-01 9.801613711947074759e-01
1.505487097289996967e-01 1.000000000000000000e+00
1.132239631333398777e-01 9.809881169130625356e-01
7.194229905439475381e-02 9.174366718421097522e-01
2.385029051061426930e-02 7.954304272027760137e-01
-2.807126434117995784e-02 6.135664353473718746e-01
-5.417059164120141546e-02 5.091691261472860441e-01
