2.252075867609852899e-01 7.111444715352530643e-01
2.117489034006896365e-01 7.649792049764356783e-01
1.834584010771574958e-01 8.633093953073277538e-01
1.531820121104723320e-01 9.386939922039345685e-01
1.225290082124396163e-01 9.847915661054159608e-01
9.304080624843047431e-02 1.000000000000000000e+00
6.580100051773096759e-02 9.870399623387255961e-01
4.131895864308671174e-02 9.510359162507114883e-01
1.968067620308472376e-02 8.976430731440754318e-01
7.723097595040973040e-04 8.321258855963850065e-01
-8.019778457444393105e-03 7.969575327285910449e-01
