2.123056876870474952e-01 6.325041245417528657e-01
1.949122394570387273e-01 7.020779174617879370e-01
1.579898652464831743e-01 8.302384883234633639e-01
1.191129077864006014e-01 9.275213292241752949e-01
8.287357239848824886e-02 9.831086960916234352e-01
5.270896167946265143e-02 1.000000000000000000e+00
2.973894307426666606e-02 9.903032882054529917e-01
1.323480529882559154e-02 9.669917244491178510e-01
1.658324765759333630e-03 9.390697088308131990e-01
-6.639648096065875471e-03 9.106468719356844987e-01
-1.016856640571894843e-02 8.965311986970722069e-01
