1.570439225830182473e-01 8.023248285586825901e-01
1.480749267200798247e-01 8.382008120104362803e-01
1.289594238539358839e-01 9.045163164718065252e-01
1.079559777475795901e-01 9.566697156877246311e-01
8.629083559144190563e-02 9.891917969470130911e-01
6.556597421011184368e-02 1.000000000000000000e+00
4.723237363297705382e-02 9.915830577512083632e-01
3.205979233060685107e-02 9.696548373952595945e-01
1.996584907954823684e-02 9.401286466956623178e-01
1.028683054689771836e-02 9.067508767625402921e-01
5.946116211727248135e-03 8.893880194218584112e-01
