4.496575642611451151e-01 2.876391893552137091e-01
4.159637932245692227e-01 4.224142735015172789e-01
3.425864151893249776e-01 6.762401786438259066e-01
2.664811324468183695e-01 8.681343511275074754e-01
2.005483080105721072e-01 9.704888513075919931e-01
1.467907760333633793e-01 1.000000000000000000e+00
1.017059169774242600e-01 9.791615242288616017e-01
6.255428817739955294e-02 9.216967423999505860e-01
2.801625044360084305e-02 8.363957822274408205e-01
-2.591743667195056666e-03 7.301886904891695673e-01
-1.697485307307855518e-02 6.726562528656355733e-01
