2.643397713165911433e-01 6.759264692868600655e-01
2.498530092218763654e-01 7.338735176657191772e-01
2.188620232509406183e-01 8.413332376732411966e-01
1.843348216914644233e-01 9.268918646684145557e-01
1.477807540256717012e-01 9.814689100174625036e-01
1.113273084595685081e-01 1.000000000000000000e+00
7.674324962255263394e-02 9.833382967465498226e-01
4.472542702359422195e-02 9.359643548020831760e-01
1.509153169009747053e-02 8.624187881471011563e-01
-1.249359383761450282e-02 7.663560620242417798e-01
-2.580094337733795928e-02 7.131266638653479539e-01
