2.491499378231425421e-01 5.415988133690841089e-01
2.243531277570279814e-01 6.407860536335423518e-01
1.758411115824493054e-01 8.111189122233929405e-01
1.314160285195973277e-01 9.236842844575610112e-01
9.325817074837783327e-02 9.825520191831683681e-01
6.130164773506180387e-02 1.000000000000000000e+00
3.485422614656469298e-02 9.880611206079872311e-01
1.315896253480020039e-02 9.566094727764710148e-01
-4.585709227463541371e-03 9.131318417094316242e-01
-1.918579429624839294e-02 8.627197889768041250e-01
-2.579759182252128191e-02 8.362725988717125691e-01
