2.759605633382937739e-01 6.335428837316974260e-01
2.591142620657883588e-01 7.009280888217190864e-01
2.232081977457288646e-01 8.254925830544029841e-01
1.843415432063466586e-01 9.222856551807214753e-01
1.454843707967073962e-01 9.809497190821888646e-01
1.091054257380854597e-01 1.000000000000000000e+00
7.645188278605602461e-02 9.846751211887814215e-01
4.763841698189619223e-02 9.423730683916803352e-01
2.219102071019651845e-02 8.795194665695225122e-01
-4.396875895232854603e-04 8.009554426494017720e-01
-1.111158661048461394e-02 7.582678465655564581e-01
