3.127926408218950627e-01 5.318097835118598127e-01
2.916813914306128908e-01 6.162547810769885004e-01
2.457539977028697642e-01 7.751482116515000520e-01
1.951337564879466191e-01 9.012048384178072968e-01
1.457361756968502675e-01 9.764065160873658389e-01
1.025503805227802601e-01 1.000000000000000000e+00
6.725122117134896271e-02 9.842931519100045490e-01
3.876303475304249124e-02 9.430236271633870571e-01
1.532575458574481075e-02 8.854931249898050361e-01
-4.239126034914386665e-03 8.178895443461549064e-01
-1.314806481658692405e-02 7.822537892194647569e-01
