2.573137376574012869e-01 6.929767870522809403e-01
2.426799585058148079e-01 7.515119036586268564e-01
2.126789773313837451e-01 8.561486263335065239e-01
1.812878226018406203e-01 9.342981378154373573e-01
1.484368915095592989e-01 9.831730216144172196e-01
1.139736861261715362e-01 1.000000000000000000e+00
7.840888233828585685e-02 9.820714232099192476e-01
4.335117080005285173e-02 9.298845769235339898e-01
1.112607608516918978e-02 8.503384275270353676e-01
-1.620339570186141165e-02 7.561165003456442602e-01
-2.843690752216065931e-02 7.071824530644472695e-01
