2.623343740609886954e-01 7.010510579378459450e-01
2.489366338296205017e-01 7.546420188633187198e-01
2.197095014426890813e-01 8.557211562554811746e-01
1.872777220039218982e-01 9.364141072885787676e-01
1.554847756482112819e-01 9.848094409274933403e-01
1.280932401248984775e-01 1.000000000000000000e+00
1.068748172320287959e-01 9.909825535579364075e-01
9.104403457339516059e-02 9.683384346827327294e-01
7.830487343153941238e-02 9.369342874737356386e-01
6.645482621034065618e-02 8.954599235142262081e-01
6.053060391442754984e-02 8.717630343305737828e-01
