3.364928988884585692e-01 4.220883212707988719e-01
3.071812526531716436e-01 5.393349062119465742e-01
2.467247294734817853e-01 7.500161219863030748e-01
1.878023872852906395e-01 8.990056833070882991e-01
1.373052289388347891e-01 9.772803068973323626e-01
9.603616422836497302e-02 1.000000000000000000e+00
6.186040049844515609e-02 9.843736078778824172e-01
3.283528069419711093e-02 9.419497603915039097e-01
8.021831958012426433e-03 8.809081418650802631e-01
-1.292319188536039665e-02 8.085427675456432484e-01
-2.245349467467894211e-02 7.704215563883690665e-01
