2.021379764365780485e-01 7.389352878290504911e-01
1.903172389926424124e-01 7.862182376047930354e-01
1.651585388739997828e-01 8.735150754046565602e-01
1.374993117370941764e-01 9.421714923531747665e-01
1.085850579136815597e-01 9.854070106387859962e-01
7.981032086505834844e-02 1.000000000000000000e+00
5.236101737226722674e-02 9.867324441946181413e-01
2.705482055626995397e-02 9.493876063680054544e-01
4.397034325063609028e-03 8.934528886850017226e-01
-1.532124357885689125e-02 8.251989222899107634e-01
-2.442037626218640511e-02 7.888023915565927080e-01
