2.604351758286937990e-01 7.142954089930271255e-01
2.493417688456747161e-01 7.586690369251034571e-01
2.239016734182516233e-01 8.460827301903918185e-01
1.919041267711769638e-01 9.244245119289451473e-01
1.541163827356495375e-01 9.798631141671432232e-01
1.130687358910084095e-01 1.000000000000000000e+00
7.248895498395557802e-02 9.803309801047315197e-01
3.588391350023101278e-02 9.267899170325508695e-01
5.310576664404820235e-03 8.520059281135283769e-01
-1.884933262877974691e-02 7.690036061881602159e-01
-2.937192667459420647e-02 7.269132300049023776e-01
