2.407733340123610066e-01 7.363132867812940408e-01
2.308671694801242014e-01 7.759379449102412618e-01
2.075995279162232698e-01 8.556470341341808616e-01
1.775756722636181451e-01 9.290562224710552375e-01
1.421037834991457638e-01 9.811904898564686173e-01
1.040699338646389749e-01 1.000000000000000000e+00
6.658266490743047772e-02 9.817370705337669090e-01
3.155372993928912129e-02 9.299421300637172871e-01
-4.836529771238828879e-04 8.505959868163865956e-01
-2.955231368183813823e-02 7.495927214120342574e-01
-4.334959697204765483e-02 6.944035882511961910e-01
