2.405101957769908427e-01 7.734832416947854394e-01
2.330548209735747722e-01 8.033047409084497215e-01
2.148880131327969290e-01 8.652605392341993218e-01
1.888673457413467816e-01 9.280133070544613894e-01
1.528739992685774762e-01 9.793158878813190693e-01
1.073658092296400635e-01 1.000000000000000000e+00
5.741271081719445668e-02 9.748709795078108753e-01
1.108740531766660986e-02 9.073493890009443064e-01
-2.556416127240718206e-02 8.185909742380617082e-01
-5.140425846568796864e-02 7.306858670476735762e-01
-6.178907407623368542e-02 6.891466046054907091e-01
