4.255760865997730846e-01 2.001458056193801127e-01
3.918430489238389214e-01 3.350779563231167657e-01
3.066064294812690383e-01 6.245208523267605782e-01
2.122951427438359850e-01 8.646470075682624046e-01
1.446186465279671873e-01 9.751312087549285357e-01
1.044239755114551027e-01 1.000000000000000000e+00
7.774091928909010463e-02 9.886428235490756222e-01
5.702375688167671264e-02 9.585656751851732160e-01
3.958313319549805476e-02 9.156037900831262011e-01
2.441674724935816165e-02 8.630188840282563278e-01
1.733099903290791222e-02 8.346758911624553301e-01
