3.620020430756736296e-01 4.614286206941593527e-01
3.367573406079213960e-01 5.624074305651682870e-01
2.827308499159797428e-01 7.497316051087454802e-01
2.258046928938497455e-01 8.923657073771948944e-01
1.719875465824471927e-01 9.743272224865380249e-01
1.238032585632068416e-01 1.000000000000000000e+00
8.241056982062783254e-02 9.811188217631994224e-01
4.808448354983652084e-02 9.313478274584173766e-01
1.981396087324011068e-02 8.619811674626187692e-01
-4.054232532862855898e-03 7.793340084808126900e-01
-1.509681129636009089e-02 7.351636934268237500e-01
