1.906465606768079635e-01 8.229312205121479540e-01
1.819255242626980351e-01 8.578153661685876674e-01
1.640539548006118009e-01 9.201511109689562984e-01
1.459221784602584560e-01 9.655651966976392941e-01
1.287047768090781030e-01 9.917638416411966862e-01
1.132213343304454556e-01 1.000000000000000000e+00
9.949807741401245353e-02 9.935240272033962761e-01
8.680301840597764995e-02 9.746098819839303928e-01
7.412194546221378966e-02 9.427857493640698916e-01
6.074382371802483638e-02 8.957352491196468591e-01
5.382768870616860823e-02 8.680707090722219466e-01
