2.844115079159106330e-01 5.340226862622592385e-01
2.636110056863502082e-01 6.172246951805009374e-01
2.181948058178850847e-01 7.742737970154567329e-01
1.677837497860856786e-01 8.997116067179602439e-01
1.176395531450658005e-01 9.756511617518748292e-01
7.156954316684510653e-02 1.000000000000000000e+00
3.059394768329282144e-02 9.807455762465432381e-01
-6.059708501248872725e-03 9.266926876309166117e-01
-3.942762151919532165e-02 8.439881810081621971e-01
-6.998373739778640523e-02 7.377323980806593795e-01
-8.457117268951597211e-02 6.793826569137411120e-01
