3.447967191149974298e-01 5.636416733451632410e-01
3.286662104688140573e-01 6.281637079298967308e-01
2.899827760848940894e-01 7.603445197278400070e-01
2.393536859150919849e-01 8.841556258051808115e-01
1.814314988176823906e-01 9.701539773346559148e-01
1.245339788039780959e-01 1.000000000000000000e+00
7.563143673975958325e-02 9.781489552841416968e-01
3.712287289939331103e-02 9.229828723192674556e-01
8.013084479272625238e-03 8.523110261834133672e-01
-1.375274150522065586e-02 7.776999915410529596e-01
-2.306629819410122018e-02 7.404457647855307023e-01
