1.975801893736424120e-01 7.360784341914583528e-01
1.862785895907733691e-01 7.812848333229345243e-01
1.613861155393657709e-01 8.672638552600263617e-01
1.326228080717076763e-01 9.383813444638811063e-01
1.018134803036482294e-01 9.843631054310600925e-01
7.112240636301092600e-02 1.000000000000000000e+00
4.218165832518655511e-02 9.861134313338730806e-01
1.569095333737702269e-02 9.470185900243809352e-01
-8.311261381680146165e-03 8.876160821888919861e-01
-2.987268867538772632e-02 8.127684514114362768e-01
-4.003603757172069511e-02 7.721150558261044017e-01
