3.009592699952186035e-01 7.508751913490365748e-01
2.891419358875971790e-01 7.981445277795222726e-01
2.641949320409670010e-01 8.848028734270342310e-01
2.379671774480340840e-01 9.503880523519088186e-01
2.131612036239884933e-01 9.882921110298785727e-01
1.918196104080087117e-01 1.000000000000000000e+00
1.745257318975902416e-01 9.923398257354398844e-01
1.607216569201590506e-01 9.723918500451376179e-01
1.495247029014682427e-01 9.449448887019362697e-01
1.402323283244297225e-01 9.128284436996019213e-01
1.359930070532109347e-01 8.958711586147267703e-01
