3.254659837401225886e-01 4.597450858521163752e-01
3.011632151659313639e-01 5.569561601488812741e-01
2.477117238751797013e-01 7.416134025953274866e-01
1.891841134290734860e-01 8.878173462041003550e-01
1.330927865311236635e-01 9.732875608315959548e-01
8.209337224193619109e-02 1.000000000000000000e+00
3.482883452436458249e-02 9.770224374032118186e-01
-1.003841739239313968e-02 9.102654961664845557e-01
-5.193098615683000574e-02 8.064774791931434983e-01
-8.892565321658063571e-02 6.785016903986083037e-01
-1.059174408318639404e-01 6.105345399374750848e-01
