2.520202706066134724e-01 6.068414601417715382e-01
2.343987731597121371e-01 6.773274499293768791e-01
1.964301017482122935e-01 8.088549616107777451e-01
1.543556744981237072e-01 9.133509900755534261e-01
1.110311695359004203e-01 9.784027483232667910e-01
6.909870555433045292e-02 1.000000000000000000e+00
3.032676649040794148e-02 9.815632732409143024e-01
-4.327981585878826198e-03 9.306905038474264646e-01
-3.439522601522843059e-02 8.567067918765787216e-01
-5.972292672344703401e-02 7.692452121558528422e-01
-7.120140431951704763e-02 7.233313017715727877e-01
