3.637538736772985004e-01 3.995097630817427969e-01
3.371535650916881455e-01 5.059109974241842167e-01
2.778720099324560877e-01 7.103559714874907449e-01
2.121250649534470734e-01 8.745311080191304764e-01
1.493906189630123116e-01 9.703312524149525498e-01
9.414539544592948062e-02 1.000000000000000000e+00
4.653749011284302739e-02 9.779685705989489275e-01
5.324465774499631543e-03 9.175739513233132083e-01
-3.065689172247781924e-02 8.288114737696732348e-01
-6.196856306774034540e-02 7.203645509483082021e-01
-7.648047185331774411e-02 6.623169158059986072e-01
