2.762305295999714083e-01 6.938700303654399271e-01
2.632631710297419492e-01 7.457394646463577637e-01
2.345789535285722760e-01 8.447594757200962423e-01
2.010462265984018781e-01 9.275417885113772520e-01
1.648171208540905042e-01 9.815867622549188098e-01
1.291994627129818274e-01 1.000000000000000000e+00
9.726789286110398836e-02 9.852728505441497031e-01
7.061615050516284464e-02 9.466965152881177126e-01
4.917729636909823343e-02 8.943045457800147258e-01
3.189578197222386891e-02 8.346927494284910320e-01
2.412852881132332428e-02 8.036237367848888535e-01
