2.246304356552104586e-01 8.140564952869748794e-01
2.154208320585779823e-01 8.508949096735047846e-01
1.969429596965199813e-01 9.155381303563112638e-01
1.783719806188325263e-01 9.619483572771116986e-01
1.593461592573883756e-01 9.902768889508177796e-01
1.389189471822321331e-01 1.000000000000000000e+00
1.160804251992531011e-01 9.878655790429949901e-01
9.028374364830360488e-02 9.484066368981010076e-01
6.208873817163584885e-02 8.774838810620422258e-01
3.363487047539842623e-02 7.782011551598158050e-01
1.971374766188427330e-02 7.225166639057591933e-01
