3.206572058788439428e-01 4.141084475372589502e-01
2.953187690895088258e-01 5.154621946945994182e-01
2.384789052473521576e-01 7.113202230104045398e-01
1.736663681024872563e-01 8.724467243529558935e-01
1.098897302789652031e-01 9.695344722685212968e-01
5.345941280360616554e-02 1.000000000000000000e+00
5.144255418759791088e-03 9.776496323590340154e-01
-3.720330092413021150e-02 9.153048873142199948e-01
-7.541116784129636708e-02 8.206784752646454351e-01
-1.098789869024446864e-01 7.010178772352944065e-01
-1.261361277483508125e-01 6.359893138516699018e-01
