3.895104429103164456e-01 4.399982378849753850e-01
3.629604418336893623e-01 5.461982421914837182e-01
3.070813000033815188e-01 7.403856687590343322e-01
2.485538899334865937e-01 8.867696296525049426e-01
1.919387047597390650e-01 9.725830841424666362e-01
1.394430090938745259e-01 1.000000000000000000e+00
9.184666813627284654e-02 9.774824388507294959e-01
4.951456926089414790e-02 9.153358022492426027e-01
1.258511208325563402e-02 8.243619684424352556e-01
-1.906430751781668098e-02 7.148792094896763150e-01
-3.359880766735867663e-02 6.567412088915083324e-01
