2.808999485182952505e-01 6.677916541547501694e-01
2.690871974213155937e-01 7.150426585426687964e-01
2.400603066653325124e-01 8.139360819075976972e-01
2.010916390821583244e-01 9.090875567329494977e-01
1.556354174486330733e-01 9.762983062906455123e-01
1.090429675386674901e-01 1.000000000000000000e+00
6.562178510761584871e-02 9.794695737695594540e-01
2.736469621531545382e-02 9.234858222153992102e-01
-5.294767134676303666e-03 8.432340948272838421e-01
-3.249972068766521227e-02 7.493470813034600608e-01
-4.477187355252221224e-02 7.002584698440320610e-01
