3.455360329592340740e-01 5.771848158884149704e-01
3.265270379279205937e-01 6.532207960136688918e-01
2.852066908653565491e-01 7.961908322326745058e-01
2.394761346450179351e-01 9.099632967046022980e-01
1.944577829973190841e-01 9.784008525413891988e-01
1.554588895729506204e-01 1.000000000000000000e+00
1.257231189108806713e-01 9.876639753036877689e-01
1.054722083332222948e-01 9.594981788446832471e-01
9.265028624278170977e-02 9.289472984547075818e-01
8.445945145848737790e-02 9.010909955266247495e-01
8.117565288328754125e-02 8.879558012258254029e-01
