1.431671866906196744e-01 8.756400141659592684e-01
1.370043605570224754e-01 9.002913187003480644e-01
1.245201195154577167e-01 9.439068679586395394e-01
1.119316678896145056e-01 9.754051861182935212e-01
9.963426094876126626e-02 9.939696297770224120e-01
8.792197961719561139e-02 1.000000000000000000e+00
7.693935939847101890e-02 9.946992908898635299e-01
6.670096195864683164e-02 9.795232051203516255e-01
5.716584836007787551e-02 9.558555526543324188e-01
4.831785463272320058e-02 9.250610030137950135e-01
4.406728617424982009e-02 9.080587291799014915e-01
