3.332033909612821532e-01 6.008138815242611841e-01
3.152737466893953400e-01 6.725324586118084369e-01
2.767713459144240939e-01 8.059693052086089882e-01
2.340720295963495401e-01 9.119406943478425287e-01
1.900423767702708044e-01 9.780969069889113854e-01
1.483310944186705393e-01 1.000000000000000000e+00
1.119975211631553114e-01 9.834746160849964225e-01
8.251122029270946401e-02 9.410273982591083053e-01
5.982589542993910214e-02 8.859323406262394895e-01
4.301180439171287118e-02 8.284003843806626577e-01
3.592212126081473222e-02 8.000416518570701019e-01
