2.362040945380012857e-01 6.006560843350690071e-01
2.159404428645512741e-01 6.817106910288690536e-01
1.752681892134442254e-01 8.239911036556402113e-01
1.352890761332153913e-01 9.243579317937549167e-01
9.746804203009284961e-02 9.817494769994492554e-01
6.246699943643996278e-02 1.000000000000000000e+00
3.055410628338550705e-02 9.848376264400476865e-01
1.897932886862463420e-03 9.426876532069539127e-01
-2.336298611802922753e-02 8.803986960288495700e-01
-4.517463327770854242e-02 8.049192265584532713e-01
-5.521916126906689648e-02 7.647411145930198551e-01
