1.811031026839100555e-01 7.663882623487348056e-01
1.714550907288594495e-01 8.049803101689372298e-01
1.500330409432092393e-01 8.788944714809384662e-01
1.244174535269034765e-01 9.418996841441495960e-01
9.536729559897827446e-02 9.847913916577809568e-01
6.481819020767970452e-02 1.000000000000000000e+00
3.525554975117844991e-02 9.857778565925783276e-01
8.714790191810428688e-03 9.469184808812639575e-01
-1.378587512904255741e-02 8.917351010706513481e-01
-3.214244258802922971e-02 8.284908804036112961e-01
-4.031696087810920925e-02 7.957928072432913780e-01
