2.400798597155802128e-01 7.029064109121021531e-01
2.260320284411532210e-01 7.590977360098101201e-01
1.965277442939370456e-01 8.616584197258856381e-01
1.654170626106344910e-01 9.393362359652799309e-01
1.350851805932744565e-01 9.853223467931533364e-01
1.074529020288318981e-01 1.000000000000000000e+00
8.352324476599359837e-02 9.890249680947575950e-01
6.350464910302239252e-02 9.599628086740575883e-01
4.717736810025352501e-02 9.200245294234797866e-01
3.414316970181408006e-02 8.751714530747620735e-01
2.839268854841470180e-02 8.521695284611645604e-01
