3.002349464153852843e-01 6.733393684470061480e-01
2.855181213762950643e-01 7.322066686033670280e-01
2.540254983032741443e-01 8.414013628615200080e-01
2.192736654721479939e-01 9.276808265577030088e-01
1.831140787509994983e-01 9.818164480760469548e-01
1.475343194598670582e-01 1.000000000000000000e+00
1.143180058051873060e-01 9.841798937124996982e-01
8.467765342118588334e-02 9.407192952319971546e-01
5.911153801241531003e-02 8.778411951021865001e-01
3.754791654586503435e-02 8.033325785482549053e-01
2.773016439158426660e-02 7.640615699311318343e-01
