2.960017551391187496e-01 6.941602897715521969e-01
2.831515558882764516e-01 7.455610867749213888e-01
2.545345919827767256e-01 8.442621777422628648e-01
2.208478653700399752e-01 9.274023956223937937e-01
1.845490631812368720e-01 9.816211597692762192e-01
1.491565955829033396e-01 1.000000000000000000e+00
1.174596683725717128e-01 9.853167001572781247e-01
9.038707170335452679e-02 9.458548066615656280e-01
6.743508228121353199e-02 8.893881352216379543e-01
4.775453166535675864e-02 8.212286253538565450e-01
3.863667364514566938e-02 7.847571932730121880e-01
