2.542836143126971926e-01 5.535208866582701503e-01
2.340312520127378892e-01 6.345303358581073638e-01
1.908384705905807888e-01 7.843610424245379686e-01
1.434396908723382102e-01 9.020990209832209228e-01
9.448920136394867164e-02 9.755078710876552428e-01
4.698251789236240761e-02 1.000000000000000000e+00
3.390249044625759378e-03 9.794222857115049141e-01
-3.517675946872700354e-02 9.228659829732944742e-01
-6.891361381884558712e-02 8.396447141477962894e-01
-9.855424653760336273e-02 7.368297433980262046e-01
-1.124473191311001763e-01 6.812574530240389503e-01
