2.564887706702119186e-01 7.102874290881069363e-01
2.448784752322107350e-01 7.567286108401116707e-01
2.184163252479212058e-01 8.477253562309814416e-01
1.860629099213384485e-01 9.272840414304353018e-01
1.497049306365560994e-01 9.811435814955120627e-01
1.119623172540074041e-01 1.000000000000000000e+00
7.496855413172887062e-02 9.818924317557822246e-01
3.991640882039582117e-02 9.298957093773339011e-01
7.545624855582300228e-03 8.497279345500086123e-01
-2.133391758313440967e-02 7.496359716928400196e-01
-3.478725312415287263e-02 6.958226295287661678e-01
