2.872996206815892073e-01 6.068864443539241371e-01
2.682462335335427106e-01 6.830999929461101239e-01
2.285778046760484905e-01 8.211586666666392809e-01
1.878265251298769645e-01 9.232762674684300563e-01
1.494646588640919926e-01 9.817743715709388308e-01
1.153635188626952468e-01 1.000000000000000000e+00
8.573256002400420073e-02 9.862445527336445306e-01
5.990006880944642731e-02 9.483350175708844532e-01
3.707299092894966730e-02 8.919308278775964771e-01
1.677433903832525885e-02 8.214862542473932994e-01
7.225721079995306440e-03 7.832917824140734897e-01
