3.279410176328396709e-01 6.142376389973782658e-01
3.118029339196135563e-01 6.787899738502827240e-01
2.755603267184003613e-01 8.036558791671484236e-01
2.327666611959688936e-01 9.093477336999984395e-01
1.874405280459681133e-01 9.773630088844436070e-01
1.447323400703542928e-01 1.000000000000000000e+00
1.084105533539052590e-01 9.837494101436083938e-01
7.970490352020292990e-02 9.425887003325953417e-01
5.791055136987249830e-02 8.896607038589148253e-01
4.156539072610770935e-02 8.336193534568753227e-01
3.455952225536262912e-02 8.055958795738950018e-01
