2.359216411835962646e-01 8.878857274291114265e-01
2.306822322274769688e-01 9.088433632535886098e-01
2.198025543408713700e-01 9.467218058695247018e-01
2.082169405448843769e-01 9.755333023919849911e-01
1.959835917408768724e-01 9.937119960614931857e-01
1.826299185185404905e-01 1.000000000000000000e+00
1.667123098950189508e-01 9.911480606603080279e-01
1.460526532132617183e-01 9.586806866364855351e-01
1.193795755315368301e-01 8.904691709333760752e-01
8.842441444012516527e-02 7.815138869073890993e-01
7.233461368837312833e-02 7.171546839003809515e-01
