1.639890251018178979e-01 7.623920453182746471e-01
1.512893233132643900e-01 8.131908524724886789e-01
1.260486370460278671e-01 9.016126130627517554e-01
1.026236171254027996e-01 9.610036373826849054e-01
8.312543581674525228e-02 9.913858541332845054e-01
6.746420137929703964e-02 1.000000000000000000e+00
5.308812017972425190e-02 9.926710073711599858e-01
3.622475243796546840e-02 9.662732645164824330e-01
1.491516118594521378e-02 9.118788658733403274e-01
-8.585103641759683768e-03 8.296530227016223336e-01
-2.031015233036304046e-02 7.827528279472089068e-01
