2.696547394671016118e-01 5.918874407459460141e-01
2.512869942565231218e-01 6.653584215882599739e-01
2.106988980606799844e-01 8.054904553863678762e-01
1.661883152160203991e-01 9.167319720609516942e-01
1.245543012464962462e-01 9.806562178898707849e-01
8.918695125402414936e-02 1.000000000000000000e+00
5.922788883668245186e-02 9.860645054650012398e-01
3.217238554725493360e-02 9.458889934211449635e-01
6.153407028800073064e-03 8.809520666202090844e-01
-1.927810932332879590e-02 7.921249709757197666e-01
-3.181065591143150684e-02 7.419947846233089228e-01
