2.894478403334366234e-01 5.766519638689899807e-01
2.701032684682573848e-01 6.540302513297069353e-01
2.283338795012566091e-01 7.986829900958885009e-01
1.829311840688140345e-01 9.119131980625951872e-01
1.388877831001116281e-01 9.789344773619186313e-01
9.988821421477833695e-02 1.000000000000000000e+00
6.697637393403188533e-02 9.850222059665054708e-01
3.890081083636348636e-02 9.438488738046632021e-01
1.324039038358704179e-02 8.799653815105077381e-01
-1.232080448927935779e-02 7.902832534076447146e-01
-2.531934797354318256e-02 7.382890794705894155e-01
