2.255745125903771964e-01 7.194741752410136471e-01
2.132653555981880444e-01 7.687108032097702548e-01
1.866003911898888035e-01 8.610148534268571296e-01
1.564188840910851752e-01 9.357336750405744752e-01
1.242857216113724128e-01 9.836925372029807768e-01
9.220171886921579851e-02 1.000000000000000000e+00
6.175539620854259004e-02 9.853302172844642381e-01
3.349836766120178888e-02 9.434859429053183977e-01
6.986524003727123677e-03 8.775376577646993859e-01
-1.864538548598582146e-02 7.879346176315172867e-01
-3.135269715002908519e-02 7.371053709753442318e-01
