2.381272398970064597e-01 7.959483650710219571e-01
2.265172044252451444e-01 8.423885069580672180e-01
2.040058506582953513e-01 9.215326037306779128e-01
1.843629779095369292e-01 9.717196675233832348e-01
1.702228116712285466e-01 9.946013882152615615e-01
1.632244289109645030e-01 1.000000000000000000e+00
1.630008481027071521e-01 1.001376190167268199e+00
1.665578442165547290e-01 1.007113992227695043e+00
1.693182975145560709e-01 1.013214546175119857e+00
1.678209186882709814e-01 1.006645383518557590e+00
1.657438925105638727e-01 9.983372788077290449e-01
