3.862051116863280953e-01 5.779844136278144973e-01
3.683553454130190641e-01 6.493834787210506221e-01
3.284814845845360765e-01 7.868548274798086162e-01
2.818936652058676717e-01 9.020545607923193820e-01
2.329209456020273628e-01 9.755910052196541393e-01
1.866178476865119062e-01 1.000000000000000000e+00
1.463175356746109212e-01 9.815937911232686108e-01
1.127470962135796451e-01 9.328591210779374476e-01
8.494650199065478802e-02 8.646215689934627635e-01
6.159413782674116877e-02 7.838484759764332566e-01
5.087813730145251956e-02 7.409844738752786597e-01
