3.321645888916759937e-01 4.589031848966143023e-01
3.082416095888358409e-01 5.545951021079749133e-01
2.538714406379303234e-01 7.416285882635316185e-01
1.938372130258902981e-01 8.921442331356770339e-01
1.399093295937288151e-01 9.756591545318131775e-01
9.552683311652243603e-02 1.000000000000000000e+00
5.765807968520997306e-02 9.821728975777070936e-01
2.324258745746338173e-02 9.311690155445068173e-01
-8.721432844990106847e-03 8.518653444426000920e-01
-3.794649092513607824e-02 7.503407426190159546e-01
-5.179591850828224597e-02 6.949430322864312837e-01
