4.054598951708152654e-01 3.074763848672406041e-01
3.713600346759939885e-01 4.438758268465257117e-01
2.967893035971045368e-01 7.016878805780153439e-01
2.237307046013430334e-01 8.882759491536065255e-01
1.678686791781462961e-01 9.767257029884965913e-01
1.258886712651711703e-01 1.000000000000000000e+00
9.058081356623925995e-02 9.833978532025398067e-01
5.918798509636041816e-02 9.372143430602423164e-01
3.173236886793595612e-02 8.696381760473875788e-01
8.678829936958953883e-03 7.900889548794853834e-01
-1.709774438012234832e-03 7.485345373796006285e-01
