2.900072370996351623e-01 5.438557829271859489e-01
2.684102184821033354e-01 6.302438573973132563e-01
2.227220502018926185e-01 7.889053808554772340e-01
1.747782592217480557e-01 9.088841124784452496e-01
1.292203154609706806e-01 9.782946975566882974e-01
8.864495166806490856e-02 1.000000000000000000e+00
5.370482082676125701e-02 9.839299305082904734e-01
2.409442739608547157e-02 9.407792131386484291e-01
-7.780212132537100977e-04 8.797021912495970319e-01
-2.157174756000096449e-02 8.078594105329810482e-01
-3.103334923637524057e-02 7.700130038274839439e-01
