1.649141476062063738e-01 6.928279360462399339e-01
1.488962675997350660e-01 7.568994560721251652e-01
1.170888740588683641e-01 8.683395167011965787e-01
8.668906915989516015e-02 9.449286400335383806e-01
5.915338917666435048e-02 9.870746113813470002e-01
3.507245485051507794e-02 1.000000000000000000e+00
1.435349534217644774e-02 9.904365861991576425e-01
-3.468563487505404996e-03 9.643558823406362945e-01
-1.898333157173393015e-02 9.260702231167902143e-01
-3.276302907920636276e-02 8.782075561422895138e-01
-3.928660353128976546e-02 8.521132583339559030e-01
