1.121787010710997290e-01 8.111793840272025768e-01
1.027716929003558155e-01 8.488074167101782308e-01
8.371662072060226389e-02 9.153796414201827991e-01
6.460963410933595608e-02 9.632416786517250529e-01
4.623047343519848251e-02 9.910797619281191961e-01
2.911400196675539842e-02 1.000000000000000000e+00
1.343200745618894354e-02 9.925142388859957698e-01
-1.022998475838921006e-03 9.710899881359442709e-01
-1.474853185202379402e-02 9.368826328254133973e-01
-2.834141507719506459e-02 8.892673884828894426e-01
-3.517800974420515203e-02 8.619210098148490928e-01
