2.909848238574279655e-01 5.989842602194093146e-01
2.719507664817946146e-01 6.751204897219427181e-01
2.316919706537484691e-01 8.149309345817145056e-01
1.894629020409206444e-01 9.206138102597829498e-01
1.497698071708121192e-01 9.813112352903065050e-01
1.155588494198181992e-01 1.000000000000000000e+00
8.743240234187898974e-02 9.873957459633612155e-01
6.450049293005616358e-02 9.541361811763543477e-01
4.555197779100345068e-02 9.076182911343801951e-01
2.962260635645891371e-02 8.525216651600707740e-01
2.231409468578304800e-02 8.232876184773673112e-01
