1.639742973727418285e-01 7.302209467388474096e-01
1.527273164414290063e-01 7.752088704640986982e-01
1.276114865865815018e-01 8.618033409599540340e-01
9.787424426615998208e-02 9.351466745243317558e-01
6.544758152832585996e-02 9.834417306590527152e-01
3.322675574055872216e-02 1.000000000000000000e+00
4.015972829898628582e-03 9.864517735361597595e-01
-2.046493307556279673e-02 9.510381881890771494e-01
-3.982217791510034299e-02 9.038991331120856954e-01
-5.457624038570563219e-02 8.533074486275809001e-01
-6.090573745839455988e-02 8.279894603368251893e-01
