3.004280954514908508e-01 7.396764239679414210e-01
2.887731470542749257e-01 7.862962175568051215e-01
2.637589762005124738e-01 8.729936785153084022e-01
2.360741152968255374e-01 9.417226227792288018e-01
2.069354266864399383e-01 9.851869498367548106e-01
1.769190288886450801e-01 1.000000000000000000e+00
1.460350070618697815e-01 9.843193258077743701e-01
1.141471978500651629e-01 9.362243815763907628e-01
8.144850946733905861e-02 8.543354514477914385e-01
4.898856058040074180e-02 7.409872092631852869e-01
3.302016505660954060e-02 6.771136271680204821e-01
