2.107445203669366940e-01 7.506074118843324428e-01
2.001147769718061298e-01 7.931263854648546996e-01
1.766326822769955784e-01 8.742024129444169178e-01
1.492851411564907194e-01 9.417498464851066231e-01
1.201600643990440309e-01 9.853701130633781835e-01
9.255888907373871488e-02 1.000000000000000000e+00
6.923387808286729506e-02 9.896462773978120797e-01
5.087641203309606341e-02 9.632850679004575367e-01
3.631309953749523034e-02 9.275988738612384044e-01
2.385667817062842033e-02 8.843327574417886305e-01
1.795982585177913204e-02 8.607453481663914774e-01
