2.190097242106865405e-01 6.122821407242227121e-01
1.993545948007612312e-01 6.909026583639239494e-01
1.597568044964853273e-01 8.293511586866769703e-01
1.208557446611866482e-01 9.270959392516249231e-01
8.440371428699910972e-02 9.825063685667605462e-01
5.094490925296824013e-02 1.000000000000000000e+00
2.054496617428802629e-02 9.855652305221112019e-01
-6.748419173608022348e-03 9.454132293042079027e-01
-3.084345317645176276e-02 8.859867431656839321e-01
-5.171027648584602954e-02 8.137558680609433548e-01
-6.134068166240380648e-02 7.752342473547122470e-01
