2.463133535075847647e-01 7.156050806999529890e-01
2.338252481217883982e-01 7.655575022431384546e-01
2.067733129743015708e-01 8.592014130713953035e-01
1.761527717537438864e-01 9.350063252742011333e-01
1.436559343908444530e-01 9.835598740959677899e-01
1.117810236678070668e-01 1.000000000000000000e+00
8.301981170420646983e-02 9.866735728554045792e-01
5.885040709516575763e-02 9.516611907819185756e-01
3.933508012786313124e-02 9.039581873444559879e-01
2.353133679115987364e-02 8.494155635005002924e-01
1.639994295731395102e-02 8.208899881651166019e-01
