2.309247728793741850e-01 6.673657585309009654e-01
2.154589499680120701e-01 7.292290501763494248e-01
1.826586591267431725e-01 8.430957456115182325e-01
1.476126905323330574e-01 9.305221507302452455e-01
1.128737658974556801e-01 9.829725760296259551e-01
7.945947853895302115e-02 1.000000000000000000e+00
4.621021486730508832e-02 9.831375997164806257e-01
1.085431807838260765e-02 9.292882064221550387e-01
-2.728872085494377098e-02 8.333525861275790092e-01
-6.544792857687531384e-02 7.003652976677761099e-01
-8.395759387088364001e-02 6.263266364917428053e-01
