2.178190312654488814e-01 6.789689637190936544e-01
2.054785538792059940e-01 7.283308732640652039e-01
1.768288197758660640e-01 8.266205529603278812e-01
1.404918197620139697e-01 9.156038097051291125e-01
9.829372461457852594e-02 9.778296481493196080e-01
5.423052689372936941e-02 1.000000000000000000e+00
1.258207851630099849e-02 9.802443974927403936e-01
-2.429806132326545187e-02 9.262397203208670993e-01
-5.628976258060269799e-02 8.473891538811622048e-01
-8.415676219233592104e-02 7.507883193592597149e-01
-9.715659787903874189e-02 6.987889766124484314e-01
