3.103490671115802790e-01 5.874392302102591223e-01
2.914991038831649117e-01 6.628390831239205916e-01
2.506915808894709663e-01 8.041116153334177952e-01
2.063118729567932075e-01 9.148285909640518909e-01
1.637261684388191529e-01 9.798364436494251262e-01
1.269758542003832646e-01 1.000000000000000000e+00
9.699609500384714922e-02 9.866069986913248435e-01
7.224885581990286854e-02 9.505055216321114386e-01
5.058632675491436803e-02 8.968721723124151168e-01
3.054654071721113473e-02 8.270213193513215044e-01
2.081504586922722222e-02 7.880953399593858544e-01
