2.738819617131955653e-01 5.867262880296983951e-01
2.543754781951185207e-01 6.647522221020065736e-01
2.131120591190143188e-01 8.080489628483962239e-01
1.696818816327302359e-01 9.166662533789915468e-01
1.280150083222260093e-01 9.800063686177526989e-01
9.023697172858197169e-02 1.000000000000000000e+00
5.676949406716369495e-02 9.843169275499784598e-01
2.719254353293271143e-02 9.408460989315380330e-01
9.245383165799592184e-04 8.759359613666892752e-01
-2.243250700553195420e-02 7.948819072103848749e-01
-3.341542519550055879e-02 7.509502344505104565e-01
