1.968228265509930353e-01 6.713423118989290117e-01
1.808651751373187011e-01 7.351729175536263483e-01
1.478898724472298420e-01 8.500564770375672596e-01
1.139644911286826767e-01 9.349248909510761152e-01
8.142693660422073432e-02 9.843701755176706980e-01
5.225236549772827033e-02 1.000000000000000000e+00
2.753826692031841050e-02 9.888306480467532467e-01
7.455711890559657551e-03 9.598348899404824941e-01
-8.438074407783269226e-03 9.210667341219658244e-01
-2.084357076780979368e-02 8.784253319036905427e-01
-2.626848390600544647e-02 8.567256793509079316e-01
