3.744596174609746697e-01 3.940515568043894135e-01
3.478659959504826205e-01 5.004260428463576105e-01
2.893351325158759479e-01 7.026122546606696773e-01
2.232127559850332066e-01 8.667942496464697832e-01
1.566098808082680982e-01 9.675822594299630097e-01
9.684195332892880925e-02 1.000000000000000000e+00
4.831863938013225557e-02 9.788268729605057450e-01
1.133481582719364500e-02 9.260323528941227789e-01
-1.638519468799326528e-02 8.586830178620064036e-01
-3.756724154504370583e-02 7.858641444355471961e-01
-4.683997440035159165e-02 7.487732130143156528e-01
