1.863731545989701921e-01 7.601979114265846604e-01
1.752618372131269364e-01 8.046431809699576831e-01
1.516668950027424412e-01 8.865393249869544245e-01
1.263611621659711526e-01 9.496344154850382413e-01
1.011783699084902732e-01 9.876393157547491697e-01
7.635069911669795095e-02 1.000000000000000000e+00
4.887112634492468688e-02 9.849874137747682834e-01
1.428335398809860157e-02 9.308244552863478294e-01
-2.694000033793997329e-02 8.267295784398264180e-01
-6.715833579847774182e-02 6.875044047921196055e-01
-8.572850306457124869e-02 6.132237357277455780e-01
