2.211061199343142825e-01 7.251984820279036015e-01
2.080808241754087407e-01 7.772996650635257687e-01
1.808207880635017695e-01 8.721050691581522241e-01
1.521503986706428391e-01 9.436805882968715142e-01
1.239906928190785962e-01 9.862759431882932581e-01
9.764117236522351639e-02 1.000000000000000000e+00
7.321343645945854739e-02 9.881977277363833689e-01
4.968506332866717834e-02 9.529432537384172619e-01
2.548966864616730721e-02 8.920831705580923865e-01
-5.295989247385279874e-04 8.004753940897941789e-01
-1.407957268031923004e-02 7.462754990674713707e-01
