3.781378127616379370e-01 2.696367412782614270e-01
3.454484502810102331e-01 4.003941912007722426e-01
2.722196213379630692e-01 6.527700405105414383e-01
1.916830248637203526e-01 8.543826999214463314e-01
1.188743748244435183e-01 9.671884799725464221e-01
6.121095683466420967e-02 1.000000000000000000e+00
1.747838597892770185e-02 9.811193271065892230e-01
-1.622995464439158653e-02 9.325833187533614232e-01
-4.305887392413632053e-02 8.669242286440357326e-01
-6.494037466424612548e-02 7.913994772334327354e-01
-7.482062385451970776e-02 7.518784804723384063e-01
