3.475695982465962786e-01 3.207143801479106493e-01
3.157109197710999959e-01 4.481490940498957798e-01
2.464176171487898470e-01 6.878876803923225092e-01
1.733392603386384456e-01 8.714790181594391782e-01
1.090787694183580347e-01 9.713832417430571242e-01
5.964406750884593267e-02 1.000000000000000000e+00
2.419204655470474918e-02 9.853659226984280428e-01
-7.432514083272612204e-04 9.501294040739359792e-01
-1.845650963833977976e-02 9.072908500453584768e-01
-3.144537212000464432e-02 8.627474376872514839e-01
-3.702219703311704357e-02 8.404401380348018868e-01
