1.767007636028765649e-01 7.862747405297201286e-01
1.665967128354850502e-01 8.266909435992861876e-01
1.456794849007804205e-01 8.995466781707915915e-01
1.236197712855291453e-01 9.544792825686072568e-01
1.008594125698327737e-01 9.884861777322417886e-01
7.762535823849409100e-02 1.000000000000000000e+00
5.400297669897491382e-02 9.880978505240612941e-01
3.009621180568611276e-02 9.521864702134223979e-01
6.194139974175671970e-03 8.924848701362411152e-01
-1.713149675334652011e-02 8.110797796403127480e-01
-2.855967706670836659e-02 7.653670583868653621e-01
