1.748206212820486716e-01 7.196747106941041583e-01
1.625937692653611766e-01 7.685821187608541383e-01
1.359936391339210404e-01 8.606093611718620418e-01
1.057596251538104326e-01 9.354506672468358985e-01
7.348495877722838188e-02 9.835860694887759159e-01
4.082732734975658140e-02 1.000000000000000000e+00
8.632127445026005486e-03 9.840485010115171960e-01
-2.341389247096792303e-02 9.359079601680121430e-01
-5.625221973227173544e-02 8.534874993116117192e-01
-9.031822143130230351e-02 7.339672988492822459e-01
-1.076404167965401282e-01 6.646785173883309472e-01
