1.831531785804971779e-01 7.601325185324505629e-01
1.714208164434929405e-01 8.070619670804675128e-01
1.474881785139885437e-01 8.905922430059849404e-01
1.230816516545425454e-01 9.516055725173770963e-01
9.888443791323109355e-02 9.880090373256343872e-01
7.519760347722365124e-02 1.000000000000000000e+00
5.219913175692875162e-02 9.886974000413468744e-01
3.018602759746802366e-02 9.559737916810785441e-01
9.630357152981550151e-03 9.050172845484267814e-01
-8.934584573661807916e-03 8.406026838855321648e-01
-1.765436005662635033e-02 8.057235819536739951e-01
