1.689180219663179994e-01 7.704701168294967317e-01
1.579328927929192217e-01 8.144106335230918425e-01
1.353960967862152254e-01 8.930061507166026091e-01
1.119001659712826058e-01 9.515496791797730669e-01
8.767500556116913923e-02 9.877191035715139344e-01
6.277340979761159012e-02 1.000000000000000000e+00
3.724946070848966784e-02 9.870967502459495613e-01
1.144753501893969183e-02 9.483961486209000480e-01
-1.376335482998930493e-02 8.856621550096126505e-01
-3.713283464732075601e-02 8.044964496537162502e-01
-4.819010055122274760e-02 7.602673860381082838e-01
