2.080553609051429831e-01 8.719569975250238691e-01
2.023424929588756305e-01 8.948084693100932796e-01
1.904845142910882583e-01 9.360952732597227488e-01
1.772412118977175766e-01 9.687269887679841318e-01
1.616047062817096425e-01 9.914616860558427280e-01
1.429826669022443708e-01 1.000000000000000000e+00
1.215630622029990060e-01 9.886641207360626904e-01
9.802884886837548439e-02 9.529315733307529568e-01
7.314603261915769705e-02 8.904814586537856957e-01
4.785806833004752070e-02 8.020140836758766767e-01
3.525458621946897519e-02 7.516001552335624947e-01
