3.399438034896387073e-01 4.922881925662898617e-01
3.172819221515024157e-01 5.829357179188350280e-01
2.675434678140318212e-01 7.548129622693831031e-01
2.125235653640866751e-01 8.919293401686076983e-01
1.584882354483905242e-01 9.739079995349146923e-01
1.093634343210708182e-01 1.000000000000000000e+00
6.677958841332654050e-02 9.804489547544901207e-01
3.115802358980829245e-02 9.287568703529635039e-01
2.157578285032268894e-03 8.578260540166438020e-01
-2.107355062324256512e-02 7.778314641103121208e-01
-3.137475380474974429e-02 7.366266513842834041e-01
