2.329044745034403174e-01 6.816719872069310071e-01
2.190364277802646642e-01 7.371441740996336200e-01
1.888431309018345772e-01 8.415921114580995344e-01
1.544245705539922797e-01 9.267544823090385631e-01
1.178018117085115612e-01 9.814705513471071452e-01
8.178389730437568561e-02 1.000000000000000000e+00
4.884045732402864104e-02 9.845450257708959763e-01
2.025592379177409974e-02 9.428309329354909174e-01
-3.862128578642154419e-03 8.836063351273926170e-01
-2.404330312596864028e-02 8.138701300053524657e-01
-3.323598460602938953e-02 7.770994040851094686e-01
