3.307166105261336586e-01 5.720508913992261579e-01
3.131667656857033410e-01 6.422502707609474282e-01
2.732277195425706351e-01 7.796172540307758636e-01
2.252932296832408365e-01 8.978754350521378491e-01
1.742309472093097611e-01 9.744830060826963347e-01
1.261148822065250585e-01 1.000000000000000000e+00
8.498192581082841812e-02 9.814661146897843969e-01
5.164885432569521484e-02 9.333338570297335934e-01
2.494265550756169514e-02 8.680144467502506345e-01
3.257038182018501260e-03 7.931789900912937785e-01
-6.521566500308773051e-03 7.540645713619846813e-01
