2.638682759908514974e-01 6.813536706106382290e-01
2.507926895566993108e-01 7.336560163472469753e-01
2.213908351138020869e-01 8.349371661100908337e-01
1.861105415214240333e-01 9.218240213035919783e-01
1.470225521732200225e-01 9.798660362354290054e-01
1.073111817055196204e-01 1.000000000000000000e+00
6.998385946401658453e-02 9.822500844616264271e-01
3.681592652182147374e-02 9.336641341156097784e-01
8.281563859522556026e-03 8.634790635325344521e-01
-1.586832956067074640e-02 7.799958351102387333e-01
-2.690187772238661346e-02 7.358616424633752651e-01
