2.386185258413995314e-01 7.809303532512741342e-01
2.291407989924207911e-01 8.188412606471890953e-01
2.087473585427424005e-01 8.894993088452030072e-01
1.854137677496061620e-01 9.470822040321751345e-01
1.589548697656937293e-01 9.859589792085241555e-01
1.291723953081988507e-01 1.000000000000000000e+00
9.623414593926860050e-02 9.828032042970887838e-01
6.126242276149085342e-02 9.300565536444445058e-01
2.656168315461571172e-02 8.437292622986856117e-01
-5.080012372364495210e-03 7.340882923227733947e-01
-1.979589576733609135e-02 6.752247587428870101e-01
