2.560598409620995497e-01 5.134277356309777662e-01
2.306593360197659592e-01 6.150297554003121281e-01
1.793667702502161898e-01 7.943079576512950268e-01
1.306242183678840707e-01 9.176851222431754440e-01
8.946677948947179271e-02 9.816930521767036621e-01
5.703504184552649070e-02 1.000000000000000000e+00
3.185753461598228586e-02 9.889472825911047593e-01
1.180465625690180209e-02 9.598942432818390325e-01
-4.831129447570470248e-03 9.189870471186074585e-01
-1.915250279721536497e-02 8.693371784743149089e-01
-2.583825139257323045e-02 8.425941840928834470e-01
