2.103317718045307760e-01 6.297731588137880365e-01
1.906250338131368904e-01 7.086001107793635789e-01
1.515683703786858683e-01 8.454768390741105311e-01
1.152385516482523631e-01 9.374864019780346780e-01
8.398175263726970208e-02 9.857230942763937076e-01
5.748770985046053328e-02 1.000000000000000000e+00
3.437941028079893879e-02 9.891088374935412819e-01
1.344077214681999033e-02 9.581227237320421031e-01
-6.035818557222016878e-03 9.097404272474363118e-01
-2.432253451846333459e-02 8.460226784789928178e-01
-3.318013540318287546e-02 8.105922749401146543e-01
