1.736557805290137591e-01 7.525173024499927088e-01
1.627849282131778041e-01 7.960007117133365284e-01
1.390025849236194988e-01 8.782185938978473994e-01
1.121689915017735073e-01 9.447972717152617328e-01
8.456762735940437370e-02 9.863207383057545075e-01
5.836237983442121857e-02 1.000000000000000000e+00
3.476316763298042956e-02 9.889267736292968181e-01
1.390195929416959686e-02 9.582775833223783346e-01
-4.719262753674235977e-03 9.122018991469544869e-01
-2.168834685122889017e-02 8.531588028364720522e-01
-2.982419086904741778e-02 8.206154267651979417e-01
