2.037361360114740005e-01 7.053218692621612274e-01
1.892561579056224463e-01 7.632417816855674442e-01
1.597148386437308165e-01 8.663457175770938878e-01
1.296995792598959474e-01 9.414375775008037017e-01
1.004183680102977982e-01 9.856727069781966444e-01
7.271743045712364406e-02 1.000000000000000000e+00
4.707071477325364128e-02 9.877269288475007958e-01
2.362325535379089514e-02 9.531050811610745077e-01
2.283887936889217318e-03 9.002613671773329607e-01
-1.713625639424132263e-02 8.327457690027489923e-01
-2.639142157543372669e-02 7.957251082779793760e-01
