1.653205087769071824e-01 7.284646025498164867e-01
1.522384689423856852e-01 7.807927618879024756e-01
1.252495656529419854e-01 8.748415115907550721e-01
9.729173214545816517e-02 9.446640420606449151e-01
6.962375317578062273e-02 9.863829910828840752e-01
4.321947274879145429e-02 1.000000000000000000e+00
1.870450035116433263e-02 9.882722991122461220e-01
-3.577310832033164800e-03 9.554363776336050051e-01
-2.347758547711953359e-02 9.062896639937895182e-01
-4.098942499954716379e-02 8.455884702537217468e-01
-4.915510017233204465e-02 8.129257695625822233e-01
