2.771079180011435383e-01 5.954631659301736768e-01
2.597421289815060597e-01 6.649263220087235915e-01
2.216299594180264343e-01 7.966286197187999463e-01
1.776845797472519362e-01 9.052657596041910892e-01
1.303174595493474808e-01 9.758318789290278961e-01
8.273259049377856833e-02 1.000000000000000000e+00
3.796094870878602423e-02 9.786451061996042089e-01
-2.138217388080121406e-03 9.198016678062677087e-01
-3.698680993298913977e-02 8.340001624680111192e-01
-6.665732860085221700e-02 7.314224080449973631e-01
-8.022352702027668592e-02 6.771576143672994874e-01
