2.596989594148744196e-01 7.228523760173435342e-01
2.473186268939163712e-01 7.723737061011757277e-01
2.210690498876279886e-01 8.635027696409989240e-01
1.918574573986813192e-01 9.357951991042225970e-01
1.597550569507926177e-01 9.832399475557276336e-01
1.247035609288542624e-01 1.000000000000000000e+00
8.609037092670857039e-02 9.796782535755202970e-01
4.302116713930626002e-02 9.138615924251953793e-01
-3.891175024570481256e-03 7.958720232964877628e-01
-5.091168913633065118e-02 6.319548516504012170e-01
-7.376731844713668718e-02 5.405323344071770730e-01
