2.401303752100938382e-01 6.662586234350134085e-01
2.274074807214752081e-01 7.171502013894879290e-01
1.975715231197745503e-01 8.193809686832085326e-01
1.594898140016538512e-01 9.126574500325319583e-01
1.158185390179198304e-01 9.772973710213046505e-01
7.127357549414931048e-02 1.000000000000000000e+00
2.991997170921312232e-02 9.804887307601389823e-01
-6.739161524861758679e-03 9.266817335318502380e-01
-3.924647147282411819e-02 8.463076676821770228e-01
-6.857332847226554895e-02 7.443596856381597959e-01
-8.254073951795848352e-02 6.884900414553880577e-01
