2.462353676885047360e-01 5.591226162560383184e-01
2.223847916355407017e-01 6.545249204678944555e-01
1.756031832233507783e-01 8.187203217574282599e-01
1.328054757213045223e-01 9.272467691207466611e-01
9.642886028167785284e-02 9.834900597031936975e-01
6.618216830571393983e-02 1.000000000000000000e+00
4.082952688603247449e-02 9.883841102594761452e-01
1.923013118563110524e-02 9.568012085991972615e-01
5.608185500365348020e-04 9.107767766522910646e-01
-1.573871252739661442e-02 8.542644590182755238e-01
-2.335243692911270763e-02 8.238095614114111509e-01
