2.880906529470466104e-01 6.316378515542173666e-01
2.712417704674447982e-01 6.990333814726246153e-01
2.347562165975629611e-01 8.253389255618719389e-01
1.952233445001707590e-01 9.240413411469363680e-01
1.572440150736389430e-01 9.819168712805803612e-01
1.235040974648655143e-01 1.000000000000000000e+00
9.423170056615109980e-02 9.863843919906394309e-01
6.846836699253039393e-02 9.484733328527585883e-01
4.528912357227377061e-02 8.910833281562487995e-01
2.428039214353594488e-02 8.180799202972940387e-01
1.430317857079466126e-02 7.781710660063289042e-01
