3.696145904617800237e-01 4.161804600683558508e-01
3.451480916951534805e-01 5.140464551348620237e-01
2.891380291037107808e-01 7.065431416758166661e-01
2.233677985815349931e-01 8.696271665449843979e-01
1.581813818540271921e-01 9.690402499698518302e-01
1.027239036559826624e-01 1.000000000000000000e+00
5.987175097487984488e-02 9.816455754867935424e-01
2.762025845735971430e-02 9.354970149649597388e-01
2.799470653676805476e-03 8.749317195582246853e-01
-1.700558985366951159e-02 8.066351973282086529e-01
-2.588693056164659279e-02 7.711098344963003282e-01
