3.538347611701728734e-01 4.347972976950000845e-01
3.300255259297845134e-01 5.300342386565535246e-01
2.750276605740838987e-01 7.188370699640437289e-01
2.112928964488270944e-01 8.774952283298695921e-01
1.500405106137618905e-01 9.712937481748793456e-01
9.727503592191655279e-02 1.000000000000000000e+00
5.286757846343115297e-02 9.796517654082392834e-01
1.527135282234531877e-02 9.248075487178283316e-01
-1.639218439934297944e-02 8.470649281020885546e-01
-4.262924876040108391e-02 7.565322168302193173e-01
-5.445076694909600779e-02 7.092461440754396218e-01
