2.653206733950941310e-01 6.163748215122919483e-01
2.458887628980422901e-01 6.941024635004993115e-01
2.068275662766418943e-01 8.307179638617523398e-01
1.684157743319903977e-01 9.271708338754038881e-01
1.320011912696923417e-01 9.823679227580048856e-01
9.771886236107929502e-02 1.000000000000000000e+00
6.502980323723761558e-02 9.839611925427762529e-01
3.324884690881851901e-02 9.364380873431618069e-01
2.067929316442618237e-03 8.586374834372294540e-01
-2.798729588646603483e-02 7.538553513467753930e-01
-4.260375236819413658e-02 6.953895254198629861e-01
