1.811468247833980527e-01 7.541588443841029665e-01
1.701652231462063014e-01 7.980852509328699718e-01
1.467556677573638169e-01 8.792955187365891767e-01
1.206870512655118244e-01 9.438607054719438949e-01
9.261740400148377184e-02 9.855710154761732067e-01
6.357455232578840265e-02 1.000000000000000000e+00
3.486294622282615219e-02 9.859022610489063254e-01
7.833381668788441665e-03 9.459408708919245790e-01
-1.641687657168877656e-02 8.861219217734369602e-01
-3.726454464128975408e-02 8.140496821325662324e-01
-4.679378007335754930e-02 7.759327404042950516e-01
