1.766270553035411695e-01 7.223819712112364844e-01
1.641570164164466439e-01 7.722621267596145866e-01
1.374781181113736706e-01 8.647688605619280322e-01
1.078970268333504512e-01 9.381399025359529187e-01
7.696697810132691053e-02 9.844421831280212309e-01
4.673399134329780935e-02 1.000000000000000000e+00
1.899812094247682603e-02 9.869392994852292933e-01
-5.296073498875730756e-03 9.514116111172948864e-01
-2.610926105891270277e-02 9.002055423637658205e-01
-4.393777561935197085e-02 8.384711777554638701e-01
-5.218659654633617251e-02 8.054758940475270634e-01
