2.863377400356172942e-01 6.835337646538155454e-01
2.733454140556887957e-01 7.355030685735295393e-01
2.441718702740973690e-01 8.360160258982323178e-01
2.092380106910830539e-01 9.220649628659238761e-01
1.702704921240449920e-01 9.797851232143133249e-01
1.294197590717678925e-01 1.000000000000000000e+00
8.827146960652243468e-02 9.794875668013449665e-01
4.751233966347218063e-02 9.184817401138994919e-01
7.515600634774854960e-03 8.187382197722027355e-01
-3.079005322323136173e-02 6.852656466244799738e-01
-4.934566479693547336e-02 6.110432003296635273e-01
