2.149978545562087895e-01 7.644562839137702959e-01
2.057102062425746336e-01 8.016068771683069194e-01
1.846004452405587415e-01 8.742238084879887516e-01
1.583975864415487766e-01 9.384516387743904176e-01
1.276234058287439854e-01 9.836065654978234374e-01
9.391072348069551268e-02 1.000000000000000000e+00
5.956293434433274081e-02 9.829714587095090828e-01
2.664265877804783411e-02 9.341594488674301866e-01
-3.703370503076508502e-03 8.590130952998511482e-01
-3.122272363008143925e-02 7.633899777971617784e-01
-4.428778175175607235e-02 7.111297453104632460e-01
