3.059733377588851333e-01 6.132151423255858269e-01
2.893451783577467573e-01 6.797277799301393308e-01
2.528698177263887237e-01 8.057820212253518077e-01
2.109085696092588558e-01 9.095517186898312012e-01
1.656844289541744564e-01 9.768899062318258109e-01
1.194835257525158068e-01 1.000000000000000000e+00
7.364220183133918241e-02 9.772494855123078361e-01
2.838541879554085101e-02 9.094864339284033372e-01
-1.606151382400144989e-02 7.986519046178826020e-01
-5.827552391047652325e-02 6.517365283434184420e-01
-7.854886992551546321e-02 5.706431442832626821e-01
