2.090162263897510364e-01 7.423265449260751936e-01
1.973963029814687076e-01 7.888062385592045089e-01
1.725744576294140353e-01 8.748916980236508545e-01
1.452867582978727423e-01 9.426690186305057839e-01
1.166212676131256343e-01 9.854202867030218416e-01
8.654189757171237840e-02 1.000000000000000000e+00
5.332849405097950246e-02 9.822862532237022215e-01
1.458210862544517816e-02 9.225072291489313514e-01
-2.948956040327183059e-02 8.113248607120169265e-01
-7.350230091444698299e-02 6.583129290467967243e-01
-9.447601104614167244e-02 5.744180885200179665e-01
