1.926569422223778361e-01 7.018224980379914602e-01
1.784866711876150758e-01 7.585035821770425013e-01
1.492555927284308082e-01 8.603670885893580644e-01
1.185652256883473754e-01 9.368086300939464373e-01
8.696954073532059404e-02 9.840338746626351440e-01
5.503559754569259388e-02 1.000000000000000000e+00
2.348673272117568489e-02 9.844189530277462907e-01
-7.046153227448892498e-03 9.389342281027508452e-01
-3.626869457716547229e-02 8.662184430299719740e-01
-6.408961463798534819e-02 7.692054651600381820e-01
-7.763983232545945690e-02 7.150045944101417472e-01
