3.122805867441162953e-01 5.496342645225653634e-01
2.920987633242781989e-01 6.303615582019177488e-01
2.470488372657447806e-01 7.856931597973560999e-01
1.973851982723053844e-01 9.098885404229302143e-01
1.523294684837704915e-01 9.797398065662091815e-01
1.176699253761416819e-01 1.000000000000000000e+00
9.343064399806311204e-02 9.901600682957594213e-01
7.635322313773368341e-02 9.658451582793411427e-01
6.300637248604323837e-02 9.330420954803586575e-01
5.114932527956833619e-02 8.917232681500606439e-01
4.540163956869502915e-02 8.687325253065674158e-01
