3.154272505976718488e-01 5.444970532322173096e-01
2.946258751712019786e-01 6.277025549380967906e-01
2.493934710838515700e-01 7.842011426266178864e-01
2.003003226765859290e-01 9.068184681020297067e-01
1.537095567276007824e-01 9.780713537973999561e-01
1.137615361012827564e-01 1.000000000000000000e+00
8.157233866943280898e-02 9.858301769918680346e-01
5.653818154755918535e-02 9.499316857562527527e-01
3.738417374276814531e-02 9.033339964556212909e-01
2.261501022848139142e-02 8.525470160895236571e-01
1.613552040524401932e-02 8.266290567965741687e-01
