3.690915457256984666e-01 4.727701479867314482e-01
3.463428588551378251e-01 5.637648954689740144e-01
2.946438117198670881e-01 7.416107237453468670e-01
2.356410021923155407e-01 8.885667030651600573e-01
1.799243537248955693e-01 9.743358007954214806e-01
1.348242014388111309e-01 1.000000000000000000e+00
1.010317012695197136e-01 9.856434529122144461e-01
7.567936591027224491e-02 9.492953292815050625e-01
5.582902173129516976e-02 9.007400850160358630e-01
3.958480678674836106e-02 8.446177811453636775e-01
3.219514774971665716e-02 8.150591449972368618e-01
