2.112340105582035665e-01 7.354994507008973947e-01
1.976087389725752486e-01 7.900005370434106666e-01
1.700912314435312211e-01 8.861783312161710668e-01
1.433890001179194407e-01 9.534750298108103372e-01
1.201265150233246093e-01 9.895475102876012397e-01
1.022224951480913413e-01 1.000000000000000000e+00
8.997622088711143551e-02 9.952052559018546019e-01
8.194711281543110015e-02 9.839417838566393293e-01
7.589600559040488026e-02 9.690228261550956068e-01
7.003949805595954814e-02 9.484135392688055610e-01
6.699973377300549870e-02 9.362544821369893633e-01
