4.135096510508624590e-01 2.943413299779753523e-01
3.777601041086940947e-01 4.373395177466488093e-01
3.019334114788384538e-01 7.005691425783840964e-01
2.290353716657717031e-01 8.864423678922048744e-01
1.722565556118741403e-01 9.760420780714819111e-01
1.297428394390016115e-01 1.000000000000000000e+00
9.574459986900130115e-02 9.845575546743541295e-01
6.715402438025619425e-02 9.428188490225097862e-01
4.285653554690882494e-02 8.830745126855669147e-01
2.230366984436848998e-02 8.120124085456537077e-01
1.290016281207628790e-02 7.743983804164848994e-01
