2.402656124687987393e-01 5.609473556982851328e-01
2.175586651647516412e-01 6.517751449144735254e-01
1.717910345226904001e-01 8.117849841447043469e-01
1.279085542514654117e-01 9.226106280251684666e-01
8.921386826404964498e-02 9.821271109457950788e-01
5.594312123210243293e-02 1.000000000000000000e+00
2.705532301977198184e-02 9.865100597654118397e-01
1.697099951446068289e-03 9.492835538633481729e-01
-2.051743160545166367e-02 8.945082420263927858e-01
-3.975272083867542605e-02 8.279133338166576594e-01
-4.864176134873920976e-02 7.923571717764025246e-01
