3.814795997504416558e-01 3.221759037142339910e-01
3.498114315541132058e-01 4.488485764995477911e-01
2.809706187465329519e-01 6.870391831186170029e-01
2.081849631978974768e-01 8.697831388271397568e-01
1.430765326114673552e-01 9.705045803509535496e-01
9.044430106716971896e-02 1.000000000000000000e+00
4.890019563860531493e-02 9.815927064666867263e-01
1.529053648825928757e-02 9.327806816993079453e-01
-1.289413962448954232e-02 8.634290189780942093e-01
-3.722142673739425867e-02 7.791021810221914201e-01
-4.856640335458295432e-02 7.337222745534366375e-01
