1.919992653075768274e-01 7.521136329076461013e-01
1.815958744366149569e-01 7.937271963914935835e-01
1.585622196495315439e-01 8.732315516237056929e-01
1.314382694778382099e-01 9.401097158832139034e-01
1.014931274194451616e-01 9.845485441971787433e-01
7.071695885437884188e-02 1.000000000000000000e+00
4.088567052844105376e-02 9.854934244363072748e-01
1.276300450721495894e-02 9.437546679575478104e-01
-1.382085830364837564e-02 8.776191699824911208e-01
-3.918330473710213147e-02 7.891371566020061179e-01
-5.157797881722592237e-02 7.395584602815109543e-01
