2.611273399908822235e-01 7.674512777959461296e-01
2.518770982517193335e-01 8.044522447525976894e-01
2.309385292957448765e-01 8.765181933596839503e-01
2.051575810911682174e-01 9.397684169856488356e-01
1.750417895839926352e-01 9.839768294805895099e-01
1.420397244208371768e-01 1.000000000000000000e+00
1.084696804518104907e-01 9.834088506747182823e-01
7.700896980990673546e-02 9.370785787161924896e-01
4.986265268751044477e-02 8.705091886656256550e-01
2.810417050640873216e-02 7.957520157469930577e-01
1.862244413108127272e-02 7.578251102456832200e-01
