3.339608005572154426e-01 5.270608375203336138e-01
3.152105903305840728e-01 6.020616784268590926e-01
2.720373117352123948e-01 7.503317244396054964e-01
2.188849745678679293e-01 8.810594671430347358e-01
1.594147081393852972e-01 9.692590023701215252e-01
9.829004032165400417e-02 1.000000000000000000e+00
3.968337430583968040e-02 9.717770041720384944e-01
-1.357930647394389734e-02 8.934746384404328445e-01
-6.003282222051864458e-02 7.791537761525306749e-01
-9.910345445516499652e-02 6.442850780086979423e-01
-1.167602558950586733e-01 5.736578722491232352e-01
