2.302519252224330959e-01 6.716002280864763474e-01
2.155346306442329496e-01 7.304694063992769326e-01
1.838617731523944920e-01 8.402052734529924516e-01
1.487791735090575607e-01 9.273260356533046256e-01
1.124421913357098735e-01 9.817900545563509329e-01
7.650139330314470465e-02 1.000000000000000000e+00
4.149070240260754883e-02 9.827201616883789459e-01
7.207071882316340439e-03 9.314327389594175832e-01
-2.634652601247294834e-02 8.477757374837198157e-01
-5.833891350384223795e-02 7.363559932043618472e-01
-7.378149530909239306e-02 6.745856659833612268e-01
