2.499255089994116830e-01 7.722247605996441777e-01
2.395387003973090678e-01 8.137719950080546383e-01
2.177322460821615735e-01 8.895781665555997364e-01
1.939460760588347377e-01 9.485701523152982872e-01
1.682311522164838813e-01 9.866516004679311003e-01
1.404962338360563612e-01 1.000000000000000000e+00
1.105960421828511286e-01 9.844863271951533878e-01
7.845679791581056106e-02 9.357215114659188648e-01
4.448222916978294972e-02 8.504233766900299862e-01
9.942366904374388970e-03 7.296129249122293992e-01
-7.248498077200515866e-03 6.608494649859297798e-01
