2.068189805828324346e-01 6.273502377145667719e-01
1.892329555770976279e-01 6.976943377375059985e-01
1.521496328649745156e-01 8.265303308796101422e-01
1.130308669488093720e-01 9.242651604183287350e-01
7.516344715797373954e-02 9.817540484189412053e-01
4.057937772469161208e-02 1.000000000000000000e+00
9.504580435474974109e-03 9.852633205630066948e-01
-1.897065550082616125e-02 9.430495281273977293e-01
-4.590160338873239265e-02 8.759952409629868653e-01
-7.182363209810860294e-02 7.854995175140804253e-01
-8.455326941888641201e-02 7.345809682309691890e-01
