3.130881744598408289e-01 5.374782157984592246e-01
2.953189383048698824e-01 6.085551604183430108e-01
2.532205552416648686e-01 7.526195457629289987e-01
1.998649761793691582e-01 8.836598507957544868e-01
1.416949015772464016e-01 9.708563575519388866e-01
8.710748633867182456e-02 1.000000000000000000e+00
4.078912693854969129e-02 9.791254133903912749e-01
2.802890566925175797e-03 9.240275272567509690e-01
-2.857781119103253165e-02 8.469970717448936925e-01
-5.485466380459380620e-02 7.561587132865904559e-01
-6.686246442221321917e-02 7.081275108161128040e-01
