2.312830228220703610e-01 7.040236163142692405e-01
2.175036066880504659e-01 7.591412808503488208e-01
1.886566964399005730e-01 8.594614277288183946e-01
1.577520247940379372e-01 9.363382651346736640e-01
1.259211573613747692e-01 9.840063100990694700e-01
9.446591782860164210e-02 1.000000000000000000e+00
6.474573963463192694e-02 9.857413714378728820e-01
3.792601287091507123e-02 9.463605464725662886e-01
1.470879514775247365e-02 8.892699915046682335e-01
-4.761137597558362522e-03 8.220463800449977487e-01
-1.357495082129633879e-02 7.867911271500458437e-01
