2.568197714909705720e-01 5.212725585404798245e-01
2.305061421727185866e-01 6.265270758134877660e-01
1.787907975516455084e-01 8.079867389949589862e-01
1.326045336109481498e-01 9.257609821791747962e-01
9.548502470053554791e-02 9.836650397274636637e-01
6.564464653367385605e-02 1.000000000000000000e+00
4.017946443775100018e-02 9.880402357984024997e-01
1.706996101459529180e-02 9.537809931536885832e-01
-4.801135137263989883e-03 8.993174439196689463e-01
-2.593570777782588932e-02 8.255005102877224221e-01
-3.634892348808671514e-02 7.838476474466791188e-01
