3.212295465745480527e-01 3.737578544270490077e-01
2.873017359345713118e-01 5.094690969869559716e-01
2.197793655547054525e-01 7.459640187665302902e-01
1.585150532287052938e-01 9.020872031584197259e-01
1.095586548079151568e-01 9.787133541653209035e-01
7.126363969797566700e-02 1.000000000000000000e+00
3.959350094642410944e-02 9.853382305237088357e-01
1.158841094725160392e-02 9.439898200016549890e-01
-1.405108514869107816e-02 8.804146522367082284e-01
-3.743325481443376956e-02 7.991821491467988592e-01
-4.851924890711512006e-02 7.548381727760734572e-01
