2.616786821172896182e-01 8.046692052842843168e-01
2.517942111513122860e-01 8.442070891481936457e-01
2.316791600625091041e-01 9.144367133805805237e-01
2.119325657822723752e-01 9.641604820638798312e-01
1.940128068142122908e-01 9.915962551893507948e-01
1.773980703034766515e-01 1.000000000000000000e+00
1.591289219236267094e-01 9.899418433202364920e-01
1.355629430969564342e-01 9.528680423466594496e-01
1.057634929222087128e-01 8.769775139693229971e-01
7.300398545401320938e-02 7.622311121243819931e-01
5.653610601365866017e-02 6.963595943629637963e-01
