2.152566364557590983e-01 7.249929430100519046e-01
2.030966394947175679e-01 7.736329308542180261e-01
1.769197265256340357e-01 8.643236667225101533e-01
1.475064585245460247e-01 9.371671187327281771e-01
1.160900178909101133e-01 9.839799113594100977e-01
8.426185415301412629e-02 1.000000000000000000e+00
5.352337403418822026e-02 9.850695949784802341e-01
2.489383862564770178e-02 9.427409291829189630e-01
-1.191832838121076321e-03 8.781830451786333258e-01
-2.469354432565962210e-02 7.965627403052272237e-01
-3.580871473645008685e-02 7.521020586620653647e-01
