2.166613917085564722e-01 7.284958161584036418e-01
2.044977459830505939e-01 7.771503990604271550e-01
1.785098382624659141e-01 8.672777679476870727e-01
1.496918283138275463e-01 9.387380498400426099e-01
1.190608532338488512e-01 9.843627728735808713e-01
8.749138815257229140e-02 1.000000000000000000e+00
5.544038318096666806e-02 9.838812329832518078e-01
2.304103228858322971e-02 9.352012982152331233e-01
-9.452988003530171657e-03 8.539998212145281098e-01
-4.120128681197593457e-02 7.432200623972232689e-01
-5.673614920394354222e-02 6.810806128293528383e-01
