2.043225286703314048e-01 7.062584679306569413e-01
1.914180835882220988e-01 7.578762482590941651e-01
1.633769479043036821e-01 8.549041003929587212e-01
1.316758925392570445e-01 9.334429017248611071e-01
9.839734340168759807e-02 9.832858156256680804e-01
6.604549405453691291e-02 1.000000000000000000e+00
3.658425752056959634e-02 9.861764284388514490e-01
1.097619932745702576e-02 9.487838836137748588e-01
-1.063163437337172335e-02 8.957448691432525756e-01
-2.852278664207386072e-02 8.340036071373088111e-01
-3.659059184191126857e-02 8.017323863379591797e-01
