3.236572769024319562e-01 6.094873176626012246e-01
3.024382940701371147e-01 6.943632489917805906e-01
2.605703188627864764e-01 8.411861574461273472e-01
2.226115398120107614e-01 9.377527079227345741e-01
1.914878937733780484e-01 9.861861406370872052e-01
1.663967389716744516e-01 1.000000000000000000e+00
1.453698517793990952e-01 9.902504082465154456e-01
1.266312155691946550e-01 9.625227275795911197e-01
1.089973109837478749e-01 9.186100582799706649e-01
9.199856918378396253e-02 8.592599512088419100e-01
8.364468751254694467e-02 8.258444245238938386e-01
