3.953916950683029619e-01 3.878054116030376086e-01
3.671068237903998277e-01 5.009448967146501452e-01
3.039016983472344613e-01 7.188451443220493786e-01
2.369989880336227372e-01 8.875708191145350590e-01
1.807843975908902667e-01 9.757678657056170213e-01
1.391608215664411063e-01 1.000000000000000000e+00
1.091674621060602091e-01 9.873980822696852844e-01
8.718172010419594775e-02 9.560285159962714774e-01
7.050171938425997542e-02 9.153723381080131061e-01
5.719740163125652810e-02 8.694512435443857434e-01
5.118926032663950743e-02 8.454186783259176607e-01
