2.481312085495077646e-01 7.421250651741311266e-01
2.368134622905304632e-01 7.873960502100403325e-01
2.123277793289182203e-01 8.721708453538543626e-01
1.846055420536170111e-01 9.407832566070917224e-01
1.549971703571628723e-01 9.849459288762121290e-01
1.253959640019400856e-01 1.000000000000000000e+00
9.749406726593512484e-02 9.866452384954299548e-01
7.222253042058346395e-02 9.494569263092966782e-01
4.984280141554708887e-02 8.942345146349691687e-01
3.035322665736528425e-02 8.267391692664967096e-01
2.132660556343823899e-02 7.906326848907885285e-01
