2.457215663873113520e-01 6.831524588555599742e-01
2.313392658692753345e-01 7.406816609277040442e-01
2.005466380737469523e-01 8.474418448323252084e-01
1.667396588289141723e-01 9.314661305994831331e-01
1.324727241286557389e-01 9.831297172670819817e-01
1.006174713688606781e-01 1.000000000000000000e+00
7.320930806174591465e-02 9.875768067197623346e-01
5.090073684094853501e-02 9.553828575584052407e-01
3.324216549613234761e-02 9.122925214645163372e-01
1.924909456211154613e-02 8.640934311326896600e-01
1.302921703234727335e-02 8.392139210136325689e-01
