2.899823148043747523e-01 6.424971963444252587e-01
2.740554043373829574e-01 7.062048382123924384e-01
2.391051838592481715e-01 8.269824101137885908e-01
2.002303714014289637e-01 9.237553450405699973e-01
1.621080439217139624e-01 9.817291749669612155e-01
1.281676496032075896e-01 1.000000000000000000e+00
9.927122687086192832e-02 9.867731465531219825e-01
7.500785170151302861e-02 9.514732496613022006e-01
5.511620664535349379e-02 9.028348362152944784e-01
3.947616836696354881e-02 8.491298064354233510e-01
3.269125342226231190e-02 8.219901466566184034e-01
