3.223216904513894754e-01 7.571429427003524282e-01
3.099500488058120062e-01 8.066295092826623048e-01
2.839787259703820954e-01 8.969151194345295064e-01
2.587218521893565049e-01 9.610285481864331292e-01
2.392361262825730694e-01 9.921714666843897135e-01
2.266965426692380547e-01 1.000000000000000000e+00
2.184688202009733571e-01 9.964833278294600305e-01
2.112166050271941931e-01 9.854955696524416719e-01
2.030758462432758482e-01 9.648088363039258875e-01
1.937215722066159551e-01 9.317969559379654099e-01
1.887725139506352123e-01 9.120007229140424387e-01
