2.784296624898705552e-01 6.088975617131118234e-01
2.612575715090021955e-01 6.775859256365852623e-01
2.234553792537092853e-01 8.081645933833323525e-01
1.808157346268129961e-01 9.140739839115494814e-01
1.378527265825877368e-01 9.790465353082464794e-01
9.842547400344148212e-02 1.000000000000000000e+00
6.410392558258171114e-02 9.841522394665329632e-01
3.461996181308901743e-02 9.410320724610146126e-01
9.201997326082733686e-03 8.784143822360214182e-01
-1.266614398096371774e-02 8.027235782588162394e-01
-2.275252403702954229e-02 7.623780580345529412e-01
