3.095094277990209086e-01 5.621143584611929533e-01
2.899962930352408819e-01 6.401668975163130604e-01
2.475941115646634882e-01 7.868865766918252680e-01
2.003180795349843724e-01 9.043276874579808666e-01
1.524819232639748057e-01 9.765508290518721823e-01
1.087092289326772043e-01 1.000000000000000000e+00
7.233489863318398605e-02 9.839491930836765654e-01
4.442053702500214918e-02 9.441712767836363263e-01
2.405495767793808248e-02 8.949380934343025285e-01
9.451745537000511010e-03 8.450272695257579070e-01
3.350558051268603954e-03 8.206225195828302788e-01
