3.661984454678814949e-01 5.764112769070779407e-01
3.494678387131890940e-01 6.433337039258475443e-01
3.102695409669736781e-01 7.776592039191861927e-01
2.617269947375586714e-01 8.972119873695392211e-01
2.103329884223282820e-01 9.746808489226616024e-01
1.639755231006500003e-01 1.000000000000000000e+00
1.270741984624467191e-01 9.841369896061366029e-01
9.969697030772789459e-02 9.452455436905623509e-01
7.976955021493070674e-02 8.969775011730262149e-01
6.496919264403550054e-02 8.461892732213871504e-01
5.858203740508205470e-02 8.206406522655733671e-01
