2.426791214877934699e-01 6.747714231381265471e-01
2.295530627502444521e-01 7.272756580883226185e-01
1.994325399864645965e-01 8.307632851172112032e-01
1.628649586921704362e-01 9.208929117320303614e-01
1.233114145581856169e-01 9.800195731340785033e-01
8.491457769677190903e-02 1.000000000000000000e+00
5.060299308604543356e-02 9.841048253847657357e-01
2.137853142703260989e-02 9.415510766819743527e-01
-3.041398797992422853e-03 8.816205730506778693e-01
-2.331985528635077687e-02 8.115973902784908711e-01
-3.250766859346265747e-02 7.748461370500433487e-01
