1.916964266633767178e-01 6.989414066631958189e-01
1.776946512687658242e-01 7.549485082416393933e-01
1.483989164505501446e-01 8.568374880908973257e-01
1.170004360082061989e-01 9.349284083991900030e-01
8.446464020780120041e-02 9.835687252183341611e-01
5.187266592891887074e-02 1.000000000000000000e+00
2.052277081965797612e-02 9.848108043879555407e-01
-8.283772055342253360e-03 9.423869142499995410e-01
-3.364781265274935373e-02 8.799121397207341211e-01
-5.529984273604954259e-02 8.050507127219845849e-01
-6.520517948489845672e-02 7.654293657265889284e-01
