1.936039283211552497e-01 7.793185303568441746e-01
1.833690082632506435e-01 8.202582105884625996e-01
1.618572985711054235e-01 8.950282597228028658e-01
1.387484465854552651e-01 9.525227533283437964e-01
1.150098232496271633e-01 9.880934390155814429e-01
9.145411014968746199e-02 1.000000000000000000e+00
6.857396463679871212e-02 9.887690066026324498e-01
4.660613980939171119e-02 9.560643503451859981e-01
2.572179403732138825e-02 9.041481444590144800e-01
6.174225609259731407e-03 8.361053850887987249e-01
-3.225828476770997710e-03 7.985051687446758084e-01
