1.266042112752945314e+00 1.596229207834589658e-01
1.267528773222254657e+00 1.462429765596748865e-01
1.272026591972485576e+00 1.087737660885181867e-01
1.281025226829846098e+00 4.277216380607384849e-02
1.298518485396102928e+00 -6.817486416790696779e-02
1.328424805710243461e+00 -2.292122477284275206e-01
1.356771116134789956e+00 -3.609980277509361457e-01
1.305131326756083787e+00 -2.160244317150414872e-01
1.068058581488713799e+00 3.197066202986285077e-01
7.279118916380280524e-01 8.353404939377542249e-01
4.790982068342253819e-01 1.000000000000000000e+00
3.409691597299486232e-01 9.460251316372800812e-01
2.322254398855585489e-01 7.825125603112198514e-01
1.254002264022715529e-01 5.168057713430290745e-01
3.603471410892328253e-02 2.114000841712527778e-01
-2.163196442743536840e-02 -3.962415821880899136e-02
-5.075375603729970209e-02 -1.939973796333678280e-01
-6.230319475839013466e-02 -2.660791873157636878e-01
-6.534590076562624139e-02 -2.876356600177992773e-01
-6.503400838085898750e-02 -2.845710979035110944e-01
-6.446458534470889123e-02 -2.794462905781602835e-01
