8.193342715330276249e-01 5.413409211069257765e-01
8.203677204813386581e-01 5.320398805721264779e-01
8.232543677008203886e-01 5.079132538679616005e-01
8.281666944250809514e-01 4.716737685269665192e-01
8.357910123256830914e-01 4.228687326702642579e-01
8.454273355669592593e-01 3.701219270163713659e-01
8.483343322375525020e-01 3.534228065402342800e-01
8.136432478616331121e-01 4.596601967911633224e-01
7.067906340509567675e-01 7.058923716652645286e-01
5.597368198835890318e-01 9.272718523905598698e-01
4.504086992358948827e-01 1.000000000000000000e+00
4.027712667005221014e-01 9.889625405028812377e-01
3.902318655889250865e-01 9.749211977768059700e-01
3.901861729014854951e-01 9.762860613289654488e-01
3.944589018771336164e-01 9.919207283045192725e-01
4.007480149982900475e-01 1.020549813861691746e+00
4.074654488001483443e-01 1.057381783600294778e+00
4.129682235407137192e-01 1.092656406054941076e+00
4.161926276082543730e-01 1.116193664584012257e+00
4.169534434031991754e-01 1.122074576682228653e+00
4.167478291418573733e-01 1.120224048330152655e+00
