1.180088572565637151e+00 -2.955797016386192411e-01
1.180483003639644757e+00 -2.991295813046868091e-01
1.181353223208523762e+00 -3.064857689297273424e-01
1.182204305928951094e+00 -3.129191364675891762e-01
1.181652167273931742e+00 -3.099815987630298864e-01
1.173578242543312555e+00 -2.686845422293586694e-01
1.140586340479625704e+00 -1.295704421245673643e-01
1.054261909092086391e+00 1.552482622516935251e-01
8.931597066777244853e-01 5.379316882543137002e-01
6.621255508048813354e-01 8.695890253676223924e-01
3.955060326490318356e-01 1.000000000000000000e+00
1.524667772100389840e-01 8.931692880844790405e-01
-1.236715864285670152e-02 6.703321282942086290e-01
-9.364184144569942525e-02 4.845113038230551838e-01
-1.260045589920289477e-01 3.783318925032050917e-01
-1.401421127043189774e-01 3.167353826226164681e-01
-1.488806576078987032e-01 2.693504082325666182e-01
-1.552319866243054847e-01 2.285833549898703687e-01
-1.595979307649321166e-01 1.963148810091128738e-01
-1.622914187269073327e-01 1.737803543477070001e-01
-1.632780416925114775e-01 1.649007476572696973e-01
