1.316526848472165057e+00 -1.711657845216869589e-01
1.318564947223421768e+00 -1.895086732829973641e-01
1.324321947479810468e+00 -2.376027740853636772e-01
1.333930389218796364e+00 -3.085807677633969348e-01
1.346625081757734765e+00 -3.906384632308821381e-01
1.354030705915483246e+00 -4.344717363247081465e-01
1.329453228853003655e+00 -3.367622999274537676e-01
1.225147441952145755e+00 1.333009690263509128e-03
1.019088205338931852e+00 4.925793209024056374e-01
7.653778657901346705e-01 8.732210590787023996e-01
5.302097873452513710e-01 1.000000000000000000e+00
3.401524546911999236e-01 9.183318048695342517e-01
2.157990446113903227e-01 7.512931798403807981e-01
1.582918399904090778e-01 6.214567809267809162e-01
1.384506393630271504e-01 5.569139680888905986e-01
1.295042049009526020e-01 5.172010067342623918e-01
1.210708718947304252e-01 4.705282322032593445e-01
1.121673761189002638e-01 4.127098712723403784e-01
1.042074607357098559e-01 3.534279344827551128e-01
9.812095988155067339e-02 3.022119559025748803e-01
9.559698813464390099e-02 2.794962101804139287e-01
