1.206235640603827264e+00 -1.979118075050720904e-01
1.206332277743665138e+00 -1.987815417636138449e-01
1.206646540102393139e+00 -2.013922777732748415e-01
1.206868452530246216e+00 -2.031632899871365083e-01
1.205392878672231216e+00 -1.943141340480094570e-01
1.197031751205945405e+00 -1.510286356496024496e-01
1.168070900098357789e+00 -2.830396481994412738e-02
1.091980206159269162e+00 2.220477017056015079e-01
9.432000968544699271e-01 5.736190295460088517e-01
7.300096116274743530e-01 8.815785148469947874e-01
4.829549398100045354e-01 1.000000000000000000e+00
2.339567994676644558e-01 8.796350463221245253e-01
3.592491475718911920e-02 6.039362305790493268e-01
-7.701921295439650983e-02 3.427707784768923016e-01
-1.251284779338140418e-01 1.856109152382079408e-01
-1.415441464868242294e-01 1.163646407735887678e-01
-1.452020769752109808e-01 9.800065809584668219e-02
-1.441527898145341657e-01 1.054199984563928272e-01
-1.416684679661791568e-01 1.241709558467476437e-01
-1.391161107784232298e-01 1.457814660846810106e-01
-1.379244580425371680e-01 1.565063407076556778e-01
