8.643588466093801159e-01 2.115981667469934990e-01
8.609609158156303899e-01 2.421795438907414777e-01
8.534208300067120945e-01 3.058981611558371227e-01
8.444847188514001957e-01 3.725930942581889838e-01
8.347961796211382790e-01 4.355182857799038132e-01
8.258910930981189225e-01 4.849383014851191831e-01
8.163630143442983655e-01 5.270611199333021801e-01
7.897268391159015799e-01 6.124872209394123246e-01
7.190005700204986638e-01 7.750583590376951548e-01
6.065297495393462412e-01 9.371368487067734954e-01
4.969817454449458882e-01 1.000000000000000000e+00
4.370968481174345444e-01 9.867999554736625045e-01
4.412580526313411022e-01 1.008322409027813116e+00
4.862304496567916301e-01 1.125878351063920535e+00
5.313628426506643576e-01 1.278796775054205082e+00
5.514300335235140516e-01 1.361611484409787298e+00
5.470006399399074404e-01 1.332489177043964190e+00
5.295549494135589619e-01 1.217344682807314893e+00
5.086035083821380809e-01 1.060203505634506271e+00
4.890731963277552552e-01 8.949117870979232947e-01
4.800239742262348841e-01 8.134687881842399548e-01
