1.196079863419683420e+00 7.709796486224718137e-02
1.195788766549569893e+00 7.971783669326981681e-02
1.195815305939899709e+00 7.979661844074392718e-02
1.198193263097302896e+00 6.283328207847738156e-02
1.206682160148817573e+00 9.839578872430365664e-03
1.228153303480310932e+00 -1.039447139395912600e-01
1.261082037600199213e+00 -2.507022175960829102e-01
1.229478175700449594e+00 -1.737767988397838081e-01
9.976118052249931534e-01 3.394459709538284464e-01
6.673347907019073766e-01 8.520993271096712895e-01
4.545465844818142864e-01 1.000000000000000000e+00
3.591978735950505652e-01 9.695388224430006030e-01
3.073942148348687287e-01 8.963926824796363269e-01
2.652458243604197130e-01 7.912899922594718305e-01
2.237118287319668219e-01 6.459599190169267313e-01
1.844600651942874814e-01 4.704291876857163990e-01
1.512175868595434514e-01 2.894979948577451889e-01
1.258267463531208552e-01 1.264809124670380758e-01
1.078748201323047606e-01 -6.462457947319144580e-03
9.580346951594442828e-02 -1.078247266259175774e-01
9.101200576822865429e-02 -1.509479003553595433e-01
