1.190554434394982763e+00 6.075391095967219712e-03
1.190745759416365956e+00 4.353465903518483060e-03
1.191123368404079841e+00 1.141268980424214874e-03
1.191282526619978022e+00 -1.591224971928539844e-04
1.190252916395348137e+00 6.045664601018074791e-03
1.184920301727448333e+00 3.371122241471447012e-02
1.166833671251493065e+00 1.103878745122379712e-01
1.114905291568525580e+00 2.799295138433932628e-01
9.865685199684532947e-01 5.747749364442524822e-01
7.739559881905795358e-01 8.775523604214838791e-01
5.530498948643690627e-01 1.000000000000000000e+00
3.912887631718500736e-01 9.366973220551753077e-01
2.914013835602081715e-01 8.002252407767161957e-01
2.356055830966432008e-01 6.694225410528384934e-01
2.071569827776336137e-01 5.748392385735479060e-01
1.939671211360856073e-01 5.181274318880697560e-01
1.887590425417562390e-01 4.908313204413796704e-01
1.875794618079684728e-01 4.838299737799085509e-01
1.883402129795157531e-01 4.898398454110313160e-01
1.899295705904184839e-01 5.034594504788640901e-01
1.908343147710294119e-01 5.116021481043624419e-01
