1.342018833220768315e+00 3.028891796414363569e-01
1.345575331362982574e+00 2.708806963615071339e-01
1.355912365110325979e+00 1.846279282405465239e-01
1.375017769128259459e+00 4.410956450988301469e-02
1.407873288818094260e+00 -1.653484220419301209e-01
1.455498902876712464e+00 -4.240071436120516069e-01
1.492499441866026899e+00 -5.991042623508970877e-01
1.422658366830344523e+00 -3.994866134515770995e-01
1.145113940147219900e+00 2.353488911580816634e-01
7.627883857262607314e-01 8.154722210187563824e-01
4.650835792257869139e-01 1.000000000000000000e+00
2.799755840167266752e-01 9.280690323101699057e-01
1.545975517380065445e-01 7.492439354425597386e-01
5.529058050916940692e-02 5.047700863449384734e-01
-3.271732648624964268e-02 1.985983650032092651e-01
-1.108954477181240406e-01 -1.501442408006907758e-01
-1.732263228222948870e-01 -4.880993705493134049e-01
-2.158061691020537465e-01 -7.598575402798568579e-01
-2.408625408486396724e-01 -9.440294222005539693e-01
-2.538539404732455540e-01 -1.052174739127411218e+00
-2.580680604032559167e-01 -1.090101818497504649e+00
