1.280710102891418956e+00 -2.602668685336464449e-01
1.283230829794190342e+00 -2.829534106585889219e-01
1.288966735028199473e+00 -3.313613794334333562e-01
1.295374982798131569e+00 -3.794342921541957736e-01
1.299416656926749347e+00 -4.068774063645967942e-01
1.293195279168172895e+00 -3.766191222616379619e-01
1.259830753267014769e+00 -2.360910362085055780e-01
1.169139770488982322e+00 6.227645557825001177e-02
9.897915189102097777e-01 4.853693980611692993e-01
7.324762179407944274e-01 8.576365112839829941e-01
4.539409557196695810e-01 1.000000000000000000e+00
2.085805474205950083e-01 8.908113652060332122e-01
3.022854767259491870e-02 6.432960005039998208e-01
-7.379211696525150854e-02 4.003973715444938963e-01
-1.222614917682867119e-01 2.413771720161661527e-01
-1.378811281679731549e-01 1.768910651369560716e-01
-1.361775992594034257e-01 1.891197998688387560e-01
-1.266595260736566031e-01 2.520352219800324756e-01
-1.150634479108213482e-01 3.389968642860017312e-01
-1.045127537438579335e-01 4.281640166225499922e-01
-9.975115474301698981e-02 4.710184076301184852e-01
