1.520694198502221539e+00 -5.924865450309120263e-01
1.527314781723632109e+00 -6.520717940236071541e-01
1.542624977592704560e+00 -7.811739441975973364e-01
1.561788549184694119e+00 -9.240085579891861300e-01
1.581782706496809077e+00 -1.054447460806203551e+00
1.589046507310649670e+00 -1.100286663243194241e+00
1.542458548446212330e+00 -9.116784302314977495e-01
1.372574918852794035e+00 -3.576959801407522122e-01
1.074723069015934618e+00 3.635597878158942642e-01
7.565029629238817499e-01 8.540796754618789066e-01
4.689044940650224924e-01 1.000000000000000000e+00
1.877430866690291689e-01 8.605167369247448406e-01
-2.786671305464977211e-02 5.687804005526421181e-01
-1.241229769592696597e-01 3.561381454872062369e-01
-1.448770356662204550e-01 2.932516379155991615e-01
-1.428413434769209012e-01 3.040544303128516201e-01
-1.380268228372687478e-01 3.302815305107102972e-01
-1.345512261840049462e-01 3.524562100839589984e-01
-1.324680427651817594e-01 3.678005777808786014e-01
-1.312483731397811049e-01 3.780155206443271965e-01
-1.307907872795377457e-01 3.821337933865174286e-01
