1.175521014724569824e+00 1.368683485179005288e-01
1.176327888501274010e+00 1.296064845275637367e-01
1.178562176324192023e+00 1.109253081675145580e-01
1.182758405540396573e+00 8.012428960786976972e-02
1.190614980296318848e+00 3.021602590234451213e-02
1.201695375572307434e+00 -3.027371006352996829e-02
1.200551268433124763e+00 -3.168991719685632091e-02
1.140473769276739491e+00 1.556793231015389800e-01
9.787429880476078425e-01 5.320816418869480646e-01
7.447838089910818749e-01 8.748308458454601144e-01
5.112305891186301743e-01 1.000000000000000000e+00
3.170853300508620909e-01 9.142388066501436761e-01
1.691274231562818198e-01 7.040841862108394578e-01
6.967322573932976937e-02 4.679183075047073093e-01
1.471044966682538702e-02 2.853246870869178275e-01
-9.704285627037678719e-03 1.809563028178788335e-01
-1.811840108391821191e-02 1.371810531701823654e-01
-1.949944157341398920e-02 1.292184421070057265e-01
-1.814180272616450207e-02 1.397559210112035988e-01
-1.594181994884774634e-02 1.585217590336029381e-01
-1.477584414498245291e-02 1.690155412683905789e-01
