1.750097769894340516e+00 -6.136706082485972047e-01
1.756194077156890465e+00 -6.685373736115476362e-01
1.770746511277670798e+00 -7.910531538403393625e-01
1.790449881900987528e+00 -9.374328750617877404e-01
1.815171311323913184e+00 -1.097008695364426245e+00
1.839655306573856119e+00 -1.232902857271981567e+00
1.837642240904569846e+00 -1.235860404186939654e+00
1.711683644669161009e+00 -8.449617402193227989e-01
1.336579539076455658e+00 1.818219194010639583e-02
8.456706350465088562e-01 7.712594805887396099e-01
4.812572900585468938e-01 1.000000000000000000e+00
2.725484875581588029e-01 9.269640230763134259e-01
1.683237161639346002e-01 7.915504572115515947e-01
1.286613977306803047e-01 7.037522963823263922e-01
1.211035134645790379e-01 6.819942832806379363e-01
1.251613145956200213e-01 7.013676492392275641e-01
1.306835240332242520e-01 7.313587444304272545e-01
1.339582712674792786e-01 7.519019270670338484e-01
1.345040888167486903e-01 7.553737682301127077e-01
1.330539268128424490e-01 7.426711918767634479e-01
1.319526464907432306e-01 7.327596689778705930e-01
