1.283438314300809679e+00 -4.859520619222656990e-01
1.284682011820756031e+00 -4.971453396017828652e-01
1.287466152484347148e+00 -5.206621624304581530e-01
1.291001634327853864e+00 -5.469509784786499296e-01
1.294931091006210622e+00 -5.725227572486524252e-01
1.293845231922530203e+00 -5.690278798087451406e-01
1.262920225307114119e+00 -4.423075762849055792e-01
1.146969787310740507e+00 -6.655153274254388407e-02
9.204443965693571705e-01 4.745449571833555424e-01
6.577168751610349418e-01 8.757521608899283549e-01
4.508079900901057480e-01 1.000000000000000000e+00
3.208766863578894069e-01 9.527297422286411521e-01
2.509784425438937872e-01 8.602035123720087606e-01
2.203661460829559604e-01 7.909946090318320522e-01
2.110069902138984599e-01 7.615422959739031050e-01
2.099164625169980258e-01 7.574645029401574359e-01
2.099691568574940659e-01 7.574963512292776091e-01
2.084795595720165817e-01 7.473007936442952470e-01
2.051353151496136951e-01 7.218048121371896109e-01
2.005053986527303156e-01 6.822218342155246251e-01
1.979617527061323656e-01 6.593290206961430755e-01
