1.077649193915698689e+00 -3.096578942343342078e-02
1.079329592299929530e+00 -4.608937488151099160e-02
1.082514631291981999e+00 -7.325008520216158558e-02
1.084768804717510360e+00 -9.053393978868129466e-02
1.084005338391545337e+00 -8.670267465059833256e-02
1.074805528187449344e+00 -3.919062448644616836e-02
1.044483681803016539e+00 8.978357211170884256e-02
9.716485396779646067e-01 3.309240338108732082e-01
8.403412993628398553e-01 6.437386212421660758e-01
6.622106099839228932e-01 9.029764441351644244e-01
4.685490170866935533e-01 1.000000000000000000e+00
2.844953137150742495e-01 9.125843336607744050e-01
1.277167682819221883e-01 6.864429091336958777e-01
1.234631801849100929e-02 4.096944374373288622e-01
-5.874453435358623077e-02 1.713385991185245594e-01
-9.436175076978153831e-02 1.833579824012060433e-02
-1.070772505892628734e-01 -4.742326546314468150e-02
-1.075580454532381047e-01 -4.860726490511269038e-02
-1.029477139116462547e-01 -1.342538231426126938e-02
-9.724415936922153891e-02 3.499704676785275748e-02
-9.445016662650529415e-02 6.014298145229890480e-02
