1.369397463771326429e+00 -4.913087578193380267e-01
1.374150467206007420e+00 -5.340857887314669483e-01
1.385362769859311172e+00 -6.285372133925779536e-01
1.400189825969160751e+00 -7.387859053801477671e-01
1.417424647393267456e+00 -8.505625908160148185e-01
1.426809958323714600e+00 -9.063562100011299805e-01
1.386705181800235387e+00 -7.464553503047808292e-01
1.219039046489484246e+00 -2.028339214514809363e-01
9.378809913868471071e-01 4.865253011434980124e-01
6.811436419585961133e-01 8.973775932846814740e-01
5.201765156154248837e-01 1.000000000000000000e+00
4.353670242566313742e-01 9.735352282690592496e-01
4.040830587957905395e-01 9.374320690783183307e-01
4.070723888895467213e-01 9.512192530894869602e-01
4.287356351089066653e-01 1.030063714143270470e+00
4.576486150642422590e-01 1.160773891524244483e+00
4.856594033019545620e-01 1.313780363390886663e+00
5.078614550298254926e-01 1.456242194807902735e+00
5.225301718024457642e-01 1.564342407939074420e+00
5.302339859245761566e-01 1.628257539315418612e+00
5.325186043238767652e-01 1.648819104909123645e+00
