1.479357824094527984e+00 -7.045704842835220916e-01
1.482059439489958663e+00 -7.288850228423982003e-01
1.488604716530458560e+00 -7.839488545618280568e-01
1.497720636843516751e+00 -8.516039583983037176e-01
1.508601233027781152e+00 -9.221597941718808755e-01
1.512688772173027107e+00 -9.482058274143847498e-01
1.475116304511761900e+00 -7.963951583982948890e-01
1.320832060777033856e+00 -2.974907579038750249e-01
1.030725918147210596e+00 4.009541018002638069e-01
7.312029690473424992e-01 8.723506190854628528e-01
5.288330107171503869e-01 1.000000000000000000e+00
4.091849459999433170e-01 9.550725126984478397e-01
3.371623258630488396e-01 8.559547597262110452e-01
2.946814017608519465e-01 7.556071202549627941e-01
2.714801786657792260e-01 6.781880191415263770e-01
2.602953155421013909e-01 6.300791353513555126e-01
2.558033411181482863e-01 6.064967201030964095e-01
2.544591342940558665e-01 5.982098154629429398e-01
2.542230155319245011e-01 5.965425290614909670e-01
2.541205408915883091e-01 5.956347123649976538e-01
2.540325213177845320e-01 5.948425362007636608e-01
