1.267950898604293997e+00 -1.818878910295342877e-01
1.271225919255853931e+00 -2.113630768935745863e-01
1.279919001250298116e+00 -2.841827535006871130e-01
1.293486568532768999e+00 -3.845737858208675419e-01
1.311601996100735246e+00 -5.014158571682516552e-01
1.326600658983276837e+00 -5.863750932093392265e-01
1.308086828191973527e+00 -5.173525112982879648e-01
1.187162635233602659e+00 -1.310333603777102951e-01
9.353473898434720990e-01 4.699747513154566292e-01
6.703347655012004136e-01 8.894250001349532919e-01
5.132461500653263675e-01 1.000000000000000000e+00
4.484123966534082073e-01 9.816798621589091223e-01
4.157577073946209234e-01 9.346906214824254322e-01
3.841518613415005334e-01 8.542076347407607795e-01
3.476971864633826570e-01 7.256602298637131465e-01
3.103625580299990139e-01 5.581704679394889901e-01
2.771965856372935466e-01 3.773258817739457704e-01
2.509282052098718019e-01 2.084619429840093296e-01
2.317887799067195331e-01 6.660019678419715206e-02
2.186163073346829577e-01 -4.406628728638573023e-02
2.133296038403926786e-01 -9.164661873499824196e-02
