1.041077615940306345e+00 -3.863723716058871105e-01
1.040139465044187528e+00 -3.779290135408182039e-01
1.036319137029876103e+00 -3.464282385302075440e-01
1.027302520234963712e+00 -2.804297438476286430e-01
1.009901255579116253e+00 -1.698877162358236603e-01
9.794214586444343063e-01 -6.221906583286695991e-03
9.288704434828467527e-01 2.151951260186182324e-01
8.515705265968920301e-01 4.784329198825156837e-01
7.492366954513944854e-01 7.290624558534322119e-01
6.137679233781105914e-01 9.209031853922922117e-01
3.935234616373046723e-01 1.000000000000000000e+00
1.050371362922365992e-01 8.526613217880301132e-01
-1.064676160881407041e-01 5.769904952392453934e-01
-1.817767868291756961e-01 4.152290571845478340e-01
-1.917412369981214004e-01 3.865143530813925921e-01
-1.893881638883454510e-01 3.971010722265904125e-01
-1.885859099669419114e-01 4.007401690489176271e-01
-1.903736791185083321e-01 3.885979577726430545e-01
-1.936907340105854525e-01 3.634771150029021403e-01
-1.976199729664246396e-01 3.300154229255505278e-01
-1.996477533970626439e-01 3.117653990498086003e-01
