1.381564646261349338e+00 -5.156323983647563836e-01
1.385785846201055271e+00 -5.536231978221106687e-01
1.395168975516916987e+00 -6.329094322887094393e-01
1.406131302542943384e+00 -7.148076508470495583e-01
1.416442569041028054e+00 -7.824756474854295263e-01
1.416097257682326305e+00 -7.852599595401335009e-01
1.371998032278818336e+00 -6.040068777191862637e-01
1.225916009868068812e+00 -1.265177652903455296e-01
9.776127521691642119e-01 4.769277273216210311e-01
7.160766158299747275e-01 8.799281441455577557e-01
4.859939695742102606e-01 1.000000000000000000e+00
2.739075075800680437e-01 8.979243284071800613e-01
9.197530542448517643e-02 6.361355956888342655e-01
-4.297353336425685510e-02 3.111456098853710439e-01
-1.340601836949327774e-01 1.891316788646513203e-03
-1.930902642832968419e-01 -2.572647440484769898e-01
-2.306726194111156092e-01 -4.597231363317223485e-01
-2.542189660430577702e-01 -6.100009461111659537e-01
-2.685915748883291876e-01 -7.159820868855466536e-01
-2.769828959788083189e-01 -7.861310978423781126e-01
-2.800013382118067273e-01 -8.132970779393637883e-01
