1.093012633777094678e+00 -3.556659697781938689e-01
1.089555767580179690e+00 -3.245541740059589841e-01
1.081696185472258875e+00 -2.582206509456774768e-01
1.071964659447518287e+00 -1.856972528614875273e-01
1.059897253555840635e+00 -1.079640073976868564e-01
1.042040551950501381e+00 -1.194190359304769800e-02
1.006858155395323973e+00 1.399057884550582997e-01
9.337981714789695964e-01 3.831500309319024744e-01
8.096667761830020904e-01 6.804085147124108168e-01
6.498710335392074988e-01 9.153399594635995840e-01
4.919663971124111357e-01 1.000000000000000000e+00
3.724595133567876193e-01 9.537377121347724307e-01
3.114297483261228572e-01 8.779404699386704758e-01
3.032189847752999601e-01 8.680756564516389773e-01
3.221669595952528775e-01 9.373108421168363513e-01
3.436249147355765476e-01 1.032209356613116080e+00
3.567798747582551222e-01 1.102072422814202479e+00
3.614974976797848960e-01 1.131007517177217370e+00
3.609979852077165319e-01 1.126382060566834209e+00
3.580500818063885315e-01 1.100979799260787040e+00
3.562310477109651430e-01 1.084608492401976321e+00
