8.876608931367293565e-01 7.031054376431598030e-01
8.865663477472769394e-01 7.129563461482320008e-01
8.849348121812217194e-01 7.271031760661257337e-01
8.857174741481346203e-01 7.221615324743382303e-01
8.928017673095731688e-01 6.783361213621912356e-01
9.115494715407232995e-01 5.788329591885172931e-01
9.390052898970580042e-01 4.560266225499516324e-01
9.394772759711598198e-01 4.401379091845387670e-01
8.499499838752018199e-01 6.331932624454603697e-01
6.665466150979320048e-01 8.921231542496825817e-01
4.782796714209578415e-01 1.000000000000000000e+00
3.568296939571119486e-01 9.589401204628108522e-01
2.969946808774089897e-01 8.803299738405940822e-01
2.676197063455276748e-01 8.109801837874639485e-01
2.483340599717480668e-01 7.444374392817130204e-01
2.311851531208135579e-01 6.673787104114525803e-01
2.144892775338204105e-01 5.756665583560161004e-01
1.985761517569740731e-01 4.725074520385623700e-01
1.839747713172072974e-01 3.633767601768038702e-01
1.709517855181810209e-01 2.530909167689585626e-01
1.648498285025459253e-01 1.981733036282427030e-01
