1.167197750239342469e+00 -2.657041480239747955e-01
1.166873681766476878e+00 -2.627875317681844791e-01
1.166349849367199543e+00 -2.582728041011002063e-01
1.166223094857846920e+00 -2.571857586092205494e-01
1.165702388535626355e+00 -2.541345300929558348e-01
1.157699528125004207e+00 -2.135265123005654075e-01
1.117504795430068087e+00 -4.533843684947846953e-02
1.011660193597698765e+00 3.049809566712231579e-01
8.535622749608977600e-01 6.942358077536008309e-01
7.006801788376981754e-01 9.321568087048257567e-01
5.867999845212491516e-01 1.000000000000000000e+00
5.114516136923848988e-01 9.706886321924105276e-01
4.593778982254272947e-01 8.958525690660847918e-01
4.130953976257571991e-01 7.797674149264426369e-01
3.647150718236450428e-01 6.097662646582959756e-01
3.171151241232602613e-01 3.966266990181823715e-01
2.769133897733950800e-01 1.781560677575657614e-01
2.480948686741284437e-01 -6.111620426010100360e-03
2.304728238291295916e-01 -1.357314175980248727e-01
2.214190870209642448e-01 -2.109495656144901865e-01
2.186308334698217060e-01 -2.360438475747730358e-01
