2.098572201386851077e+00 -1.203139418186331966e+00
2.105557034696676766e+00 -1.266002917974763164e+00
2.121600899313793143e+00 -1.401338668221519868e+00
2.142054848157320279e+00 -1.553575341433500512e+00
2.165983162215873392e+00 -1.708540143321055638e+00
2.184572990828542949e+00 -1.814022682906719197e+00
2.159607166630228559e+00 -1.720215818203815417e+00
1.979237942365480674e+00 -1.148085889120904035e+00
1.517483023118753716e+00 -7.522908265136996064e-02
9.798684817930687352e-01 7.747934099449613754e-01
6.770288569112730137e-01 1.000000000000000000e+00
5.665664108490093831e-01 9.671705887644934663e-01
5.162656515960333259e-01 8.993984814940478856e-01
4.890229964476053848e-01 8.351418640662335857e-01
4.745710847688175971e-01 7.871055244820408525e-01
4.685516730359500226e-01 7.616890703655325723e-01
4.677078849353433210e-01 7.579651489469303449e-01
4.693999058503735000e-01 7.693142762677100954e-01
4.718104329386914042e-01 7.874014911436546527e-01
4.739384589923720803e-01 8.053402003690610655e-01
4.748529597883335285e-01 8.135707075327145432e-01
