1.157382648815675097e+00 -2.699303646098947240e-01
1.158556552652385108e+00 -2.804954991402848208e-01
1.161705614511159279e+00 -3.068618978471882031e-01
1.166883276197403063e+00 -3.450806876729588524e-01
1.174119792571234111e+00 -3.917022895801247628e-01
1.177200260857906855e+00 -4.111386437231399071e-01
1.147508433669373940e+00 -2.914177905460295648e-01
1.031222793055888598e+00 8.617741405998069482e-02
8.254799385885828178e-01 5.852104808425233617e-01
6.180851790098444987e-01 9.108007370406363545e-01
4.739325218040831844e-01 1.000000000000000000e+00
3.815913460227688403e-01 9.626122184650833802e-01
3.139399372203789396e-01 8.646971823952201985e-01
2.551618605576442822e-01 7.186265796744895074e-01
1.978183523824511569e-01 5.177669963689783827e-01
1.409396966345217717e-01 2.622027764092631497e-01
8.850676391147593858e-02 -2.434522296101415684e-02
4.571532048829884953e-02 -2.995019911682056390e-01
1.526293849046622686e-02 -5.247129394827376725e-01
-3.611333490714074834e-03 -6.825371129836567130e-01
-1.044133114219070180e-02 -7.440070918469463557e-01
