1.088345557547473419e+00 3.210931767418809812e-01
1.086918970214090230e+00 3.339324627423305714e-01
1.083965974989757886e+00 3.589830118703716266e-01
1.081553936322985354e+00 3.773936904287280569e-01
1.081986587507709263e+00 3.756834140962084234e-01
1.088408763878861318e+00 3.422542502799004183e-01
1.097737431508952755e+00 2.998356853489303475e-01
1.080687099816780128e+00 3.467619072059613394e-01
9.782339243404278850e-01 5.729433630703253399e-01
7.647056058755905550e-01 8.676497520998556201e-01
4.982707926629360573e-01 1.000000000000000000e+00
2.537952891106159958e-01 8.896090617601900563e-01
5.889462775833043118e-02 6.101986772954288707e-01
-7.699051344028096100e-02 2.870529768120703151e-01
-1.487718732945709221e-01 5.130295548104624181e-02
-1.715544439927937370e-01 -4.220395624191364270e-02
-1.692733505775660396e-01 -2.614076682047872247e-02
-1.584555856911327165e-01 4.492586503925810604e-02
-1.467384086242874419e-01 1.325032390328833021e-01
-1.368206907025063535e-01 2.162055658032047134e-01
-1.324601073064335388e-01 2.554508163678601562e-01
