1.501398040723225691e+00 -4.054578395080739028e-01
1.506717479020609041e+00 -4.533327841845231632e-01
1.519822614808429506e+00 -5.634933087844711253e-01
1.538958441587376491e+00 -7.052297937275380235e-01
1.565771758818552239e+00 -8.774598264031006067e-01
1.596579048795908395e+00 -1.046959464232547710e+00
1.603700120287691711e+00 -1.090787852234371691e+00
1.478035239687424562e+00 -7.055701798906630628e-01
1.101925139375444340e+00 1.640918707906573459e-01
6.839710747707730132e-01 8.407141856499487087e-01
4.357891721859824541e-01 1.000000000000000000e+00
2.574068743558484695e-01 9.105137904046052277e-01
9.426917042631571819e-02 6.737245921409344973e-01
-2.268093138458082691e-02 3.965257810423828966e-01
-8.814912226704813003e-02 1.779516249892721946e-01
-1.225151970329058093e-01 2.829083456569259081e-02
-1.425981151608764486e-01 -8.001018284198235797e-02
-1.562769140226936693e-01 -1.678753481068812059e-01
-1.665745518222908061e-01 -2.444640784096627772e-01
-1.746170219923661726e-01 -3.123410442347394067e-01
-1.781542264568398704e-01 -3.441758844150026864e-01
