1.092895833749071954e+00 5.158408365170465970e-01
1.095206340017885971e+00 4.950462800977213362e-01
1.102400428792266851e+00 4.351830636338593905e-01
1.116714524711112766e+00 3.301008096963711225e-01
1.142047802523865396e+00 1.686706294065762890e-01
1.177132821966969445e+00 -2.265723220841753260e-02
1.197359263010259856e+00 -1.227452514252096449e-01
1.140198109441550978e+00 4.769402328125682544e-02
9.585490989876057633e-01 4.691973837575162953e-01
6.931477908663639109e-01 8.580423627643345430e-01
4.270693166565338594e-01 1.000000000000000000e+00
2.036572719530088116e-01 9.007087922706396022e-01
3.224350400851028198e-02 6.571724641110029408e-01
-8.286381076607102214e-02 3.839730800023971047e-01
-1.458474398208237655e-01 1.750233183428293593e-01
-1.724494699336968084e-01 6.201204227377365985e-02
-1.794316211372058989e-01 2.672229067028264460e-02
-1.778647244028548347e-01 3.806956339668565725e-02
-1.734213749845605612e-01 7.167046642274321755e-02
-1.685699640769439123e-01 1.128357074932955229e-01
-1.662160102673249096e-01 1.340212917798664360e-01
