8.083639791041186129e-01 6.617566938195658111e-01
8.055454265464021546e-01 6.871236668390139357e-01
7.995402783510492384e-01 7.379834049595537238e-01
7.928166689058562255e-01 7.882352667135412716e-01
7.857805570119689165e-01 8.339889518844216809e-01
7.807117970110244443e-01 8.628318499754747961e-01
7.846250077178076321e-01 8.487486690629557629e-01
8.019321135411172641e-01 7.913444789716299610e-01
7.944429824994549971e-01 7.944985078530417688e-01
6.916922364259758815e-01 9.165626181700958774e-01
4.993370373146852059e-01 1.000000000000000000e+00
2.978759532254912079e-01 9.074567331921925550e-01
1.407505718111487503e-01 6.857492371713150847e-01
3.566566622704697709e-02 4.350766350255447779e-01
-2.892791054650567517e-02 2.172051189089009293e-01
-6.731820330856996826e-02 4.934444089456535565e-02
-9.053391763265333791e-02 -7.565033808385646097e-02
-1.054686425571155772e-01 -1.712772051970871123e-01
-1.158478519245514371e-01 -2.482923625701167758e-01
-1.234839087011985748e-01 -3.126561817589623704e-01
-1.267592736768671235e-01 -3.421344665399793650e-01
