9.938729545648410379e-01 5.145467049929308700e-02
9.939688271820319443e-01 5.059181694457492995e-02
9.936297366129531738e-01 5.320866888001418715e-02
9.913049753041498491e-01 6.991696122790713730e-02
9.837513509795310362e-01 1.171285052981536623e-01
9.638420464493018258e-01 2.223388541513848793e-01
9.219846138971057314e-01 4.040140626883133024e-01
8.584935101746924424e-01 6.220993280796052183e-01
7.825493154746360203e-01 8.098668669780793028e-01
6.874827489636756717e-01 9.449984786907348333e-01
5.702087870289904714e-01 1.000000000000000000e+00
4.533945438742957856e-01 9.454581974707252368e-01
3.547799357371728690e-01 8.027707837257541668e-01
2.764835627847929134e-01 6.119544704764624532e-01
2.178974359140057881e-01 4.118335303378457546e-01
1.779856041185212678e-01 2.366369308866784760e-01
1.535473542129683899e-01 1.055567037225904059e-01
1.401764363653168477e-01 2.084925642535329082e-02
1.338628389247231709e-01 -2.517758288806826172e-02
1.316752557225884246e-01 -4.303417447801516360e-02
1.313193297497194933e-01 -4.623750823383554476e-02
