1.394919116441858620e+00 -8.538040551090624319e-01
1.398275509850550158e+00 -8.840115957872853869e-01
1.405104626347025487e+00 -9.420009211677804473e-01
1.410727060886133977e+00 -9.848306860293227771e-01
1.409781917315506838e+00 -9.813095360568855341e-01
1.389118557613219007e+00 -8.748978825234949852e-01
1.322070518172959064e+00 -5.891372200821187732e-01
1.174440585662366310e+00 -9.676788779041656241e-02
9.417988841829556534e-01 4.666659129190735555e-01
6.751318406424924312e-01 8.678242601882786289e-01
4.401079834692775417e-01 1.000000000000000000e+00
2.641518485673754468e-01 9.268919824595913681e-01
1.389759137863925131e-01 7.496481304380341326e-01
5.168147836612729806e-02 5.398327414178127892e-01
-5.161873431411112545e-03 3.476858524073500600e-01
-3.938922133949518400e-02 1.981659464847772556e-01
-5.956593814328114966e-02 8.971615995229798024e-02
-7.200353468829490122e-02 1.021918665075116639e-02
-8.022102528865326931e-02 -5.064934412065147384e-02
-8.595647822831536944e-02 -9.892232400871625586e-02
-8.834583459908340597e-02 -1.204265313456286401e-01
