1.281749020028257746e+00 -3.195036040995304916e-01
1.283917610515872276e+00 -3.390209184880603743e-01
1.288917175840840201e+00 -3.811860315754191930e-01
1.295017432648119637e+00 -4.267188040637286406e-01
1.300460479811890835e+00 -4.626463690162818665e-01
1.297971909531875578e+00 -4.523772828100511845e-01
1.265758118251011366e+00 -3.188597822127334780e-01
1.161413291081716981e+00 2.172615510215347712e-02
9.594691052206245629e-01 5.024078981866288984e-01
7.106730543139390122e-01 8.763547635921162815e-01
4.868756041161796944e-01 1.000000000000000000e+00
2.971357447755272885e-01 9.104123544492231934e-01
1.274414823066477020e-01 6.606114750622408271e-01
-1.236199388042713565e-02 3.213076634191190939e-01
-1.077558652779519455e-01 -5.709629020080875250e-04
-1.611676401300452532e-01 -2.319328250339218744e-01
-1.861503227550509454e-01 -3.641141580604154715e-01
-1.954155359624081267e-01 -4.217027306104506046e-01
-1.969969662238578723e-01 -4.323568793961565238e-01
-1.951804291157055449e-01 -4.164239084672278768e-01
-1.937797550519955170e-01 -4.038178418938376257e-01
