9.552849760459487527e-01 1.947361592324501345e-01
9.550920824162965062e-01 1.964722018993203534e-01
9.551323159761100356e-01 1.963432270504643640e-01
9.564390084810505677e-01 1.869632523264144197e-01
9.595597912904163529e-01 1.671649901547453965e-01
9.622632031943081365e-01 1.516007131413958930e-01
9.515393116888648528e-01 1.938400847531678295e-01
8.982981191543077948e-01 3.649437482722830417e-01
7.802287242512133680e-01 6.429436446975849151e-01
6.017005466000058256e-01 8.976801106327738644e-01
3.831925477231956645e-01 1.000000000000000000e+00
1.685619139706547864e-01 9.015574757570431474e-01
1.186320096185117245e-02 6.866025739823927720e-01
-7.066529646661773301e-02 4.972732704628328171e-01
-1.020924341956709336e-01 3.958370282092421588e-01
-1.106245461474735792e-01 3.603312975166600429e-01
-1.121755307505094001e-01 3.524026727838166506e-01
-1.125291207428995577e-01 3.501012445547497798e-01
-1.130093490670230905e-01 3.464393062364874432e-01
-1.136271800324459846e-01 3.411791675970790028e-01
-1.139446709484712716e-01 3.383217493528514197e-01
