1.332200979448886713e+00 1.986903767895391582e-01
1.336068075144543066e+00 1.638865155286328701e-01
1.346385525492237889e+00 7.747981705141704367e-02
1.363751736825480343e+00 -5.053401693331771583e-02
1.392428551432559836e+00 -2.335107612569995439e-01
1.434481312119367580e+00 -4.615355226169137737e-01
1.473709104637658474e+00 -6.427384954510095838e-01
1.423385383869680831e+00 -5.067033229044355380e-01
1.125404823782102381e+00 1.545175077960578847e-01
7.026635776801313238e-01 8.099796034602710915e-01
4.445937781352514717e-01 1.000000000000000000e+00
3.406397711692643604e-01 9.640953960391638322e-01
2.694588702396265578e-01 8.576381981407243948e-01
2.003972131934983469e-01 6.857295239711413970e-01
1.416345058413573943e-01 4.844640546399041625e-01
1.020864869478153025e-01 3.117013074470080802e-01
8.055070979230360972e-02 1.970573161326656386e-01
7.099540128385506410e-02 1.371352621103097968e-01
6.800468556093874906e-02 1.157997392986438445e-01
6.818385378801650187e-02 1.178127660935953669e-01
6.876353476634600170e-02 1.230298948985608654e-01
