1.239864443231486035e+00 -3.278698625238938291e-01
1.242560352208442076e+00 -3.521330433164990836e-01
1.248893833487055183e+00 -4.054968025223590899e-01
1.257107058526854892e+00 -4.666269501026132360e-01
1.265741349936311710e+00 -5.230083512974976756e-01
1.266350810191436693e+00 -5.301142912444367639e-01
1.231474887549185437e+00 -3.871614222592425492e-01
1.112616668235169248e+00 8.399799088683046477e-04
8.963580861510984654e-01 5.207886191649637730e-01
6.567523957335803519e-01 8.892214165785985447e-01
4.753757857149529809e-01 1.000000000000000000e+00
3.602603634321707715e-01 9.554826043144437620e-01
2.836072405476905978e-01 8.466937542310396525e-01
2.256711807334288999e-01 7.050213019871784947e-01
1.786132824955507514e-01 5.425900416510036628e-01
1.403178175703704289e-01 3.723702826476423811e-01
1.102782626578732161e-01 2.091708524752990961e-01
8.785811512552454960e-02 6.523147535871565150e-02
7.192854844405172088e-02 -5.278656617057553291e-02
6.108846161930348018e-02 -1.438362728343283159e-01
5.675944955353662280e-02 -1.827973814262300323e-01
