9.953724419240046473e-01 7.443380805311861081e-02
9.940951830131687927e-01 8.592913825064130151e-02
9.910499342691330149e-01 1.115683871137633787e-01
9.869676999723617783e-01 1.419120170243619583e-01
9.818022186408947860e-01 1.752191494767352253e-01
9.744370070345702572e-01 2.148964443762535481e-01
9.564990157960486794e-01 2.911623840687687093e-01
9.038433755535217884e-01 4.625533212964421104e-01
7.954722905580213776e-01 7.185271150298770948e-01
6.547358480729599250e-01 9.284030187680047952e-01
5.324917190576234916e-01 1.000000000000000000e+00
4.632934312578442793e-01 9.814488599835620164e-01
4.599764636363850023e-01 9.933660647570814461e-01
5.016567864866241511e-01 1.103172860912820186e+00
5.419539668137562938e-01 1.237915431766088314e+00
5.554564925255680574e-01 1.291577030453275654e+00
5.483252445209003678e-01 1.249138046585329231e+00
5.336405010427398565e-01 1.153127586082813405e+00
5.187862335476600695e-01 1.042195445755727867e+00
5.063045379848527539e-01 9.368124535519894991e-01
5.007751102835724666e-01 8.870476042404664696e-01
