1.556948082381387266e+00 -6.298982410193740833e-01
1.565251447276109431e+00 -7.046285250718735682e-01
1.584197667570889756e+00 -8.645016523248383322e-01
1.607580094442719876e+00 -1.038821495827706443e+00
1.632945287166990944e+00 -1.203752223645105701e+00
1.649340957385347028e+00 -1.298356195989384787e+00
1.619111747271567703e+00 -1.181209404500124904e+00
1.448596466203941890e+00 -6.356643022176116098e-01
1.081757218163440282e+00 2.345302158513815627e-01
6.990223260891310630e-01 8.475883339782028791e-01
4.879612584827411892e-01 1.000000000000000000e+00
3.984177762066398176e-01 9.691059193084914369e-01
3.428873441926005849e-01 8.889391359719215346e-01
3.000005066327152137e-01 7.849149746147960904e-01
2.709923226085255710e-01 6.871327247553922213e-01
2.554179885471288269e-01 6.200187522352433867e-01
2.493879377000965958e-01 5.886550834276118582e-01
2.487427318960016009e-01 5.853520573714172670e-01
2.505628820921321775e-01 5.993450501720865020e-01
2.531833976522266383e-01 6.216777487851814499e-01
2.545519717845659002e-01 6.339949159762348074e-01
