1.144513815597084871e+00 -2.955013202660499161e-01
1.149560508351824772e+00 -3.409215550587099131e-01
1.160529480143193126e+00 -4.337200221443957560e-01
1.172053348441282505e+00 -5.203093792676494189e-01
1.178896249637151783e+00 -5.669683757043264549e-01
1.166968478483069394e+00 -5.085708318683224149e-01
1.109692522435576034e+00 -2.662979245898586811e-01
9.824638636748210807e-01 1.594949246514087982e-01
7.986622486918074637e-01 6.102199404191883669e-01
6.037722189014016472e-01 9.057897993908554657e-01
4.154745741922087898e-01 1.000000000000000000e+00
2.264158969846435943e-01 9.050287668924831275e-01
5.860083302337015798e-02 6.643698720774531274e-01
-5.493554409887668744e-02 3.966045715644691549e-01
-1.142055371326126112e-01 2.002171456980157416e-01
-1.406959455745770970e-01 8.634255025343895440e-02
-1.521121338292027447e-01 2.575838240240391208e-02
-1.573772085710504198e-01 -7.593914212622898674e-03
-1.602049389010804514e-01 -2.845390868892239133e-02
-1.620441946781135956e-01 -4.394132851613141710e-02
-1.628175682890575793e-01 -5.090169101462738155e-02
