1.419630881596059879e+00 -8.204336911053502490e-01
1.425700067762530665e+00 -8.750563666035873212e-01
1.438899804085832734e+00 -9.867234433564746610e-01
1.453488711575297909e+00 -1.095976345939561725e+00
1.465675419904352683e+00 -1.176554953246525592e+00
1.462422869689337546e+00 -1.165020553167869899e+00
1.407826137430057134e+00 -9.386527229193122324e-01
1.238465235729384828e+00 -3.839541867694507005e-01
9.357208546148659822e-01 3.442796461124146834e-01
6.078606776710733239e-01 8.521391335178982729e-01
3.633275590103937636e-01 1.000000000000000000e+00
1.983641876622965761e-01 9.317088808304806458e-01
8.650517677064084587e-02 7.762819782166885396e-01
2.179277251121858328e-02 6.257126571605581278e-01
-6.374661397159087084e-03 5.341874340643333330e-01
-1.394548168442766301e-02 5.033562539990822371e-01
-1.289476127460198462e-02 5.102084753742130996e-01
-9.453204942558857127e-03 5.327007503725125215e-01
-6.192964749966833882e-03 5.569397349072080505e-01
-3.922350433947618953e-03 5.759579605648296186e-01
-3.069039304479770358e-03 5.836377607300402559e-01
