1.641771082469684728e+00 -3.177148975798935737e-01
1.645761926711117873e+00 -3.536324957527909874e-01
1.656147148070320263e+00 -4.407051108678441409e-01
1.673214878853124254e+00 -5.665736034652422148e-01
1.701994897020617792e+00 -7.499270661352372969e-01
1.748357871985639189e+00 -9.998486054628035191e-01
1.797537520057522098e+00 -1.224823508212897316e+00
1.714468678303362692e+00 -9.965403205597391789e-01
1.300591843612625809e+00 -6.479447181478592555e-02
7.681946077052328459e-01 7.774874194198639898e-01
4.477181651703776577e-01 1.000000000000000000e+00
2.992245568328629202e-01 9.494702536172043850e-01
2.209112548457718983e-01 8.433733960258179563e-01
1.769764248062356549e-01 7.393524615115046883e-01
1.502804416097974771e-01 6.487198031609927584e-01
1.319563195674252065e-01 5.676439017103287465e-01
1.179713673455460299e-01 4.915136016602286162e-01
1.066717445886117277e-01 4.186217813023928036e-01
9.740919884451171296e-02 3.496154991658226852e-01
8.989247303799385858e-02 2.861334288350320110e-01
8.654420915934601943e-02 2.559990539272014587e-01
