1.456836213887378051e+00 -5.568895789226466775e-01
1.461642524116792075e+00 -6.001463709873728902e-01
1.473026585454078941e+00 -6.960251719150818417e-01
1.487750508343158806e+00 -8.056703832465146320e-01
1.503169543641013739e+00 -9.063307668148503637e-01
1.507156822458351364e+00 -9.335400244181863982e-01
1.462513989430764605e+00 -7.516831076085290775e-01
1.302853752697578749e+00 -2.313451490806950339e-01
1.020874498340081482e+00 4.509163480392088807e-01
7.463326723596859225e-01 8.891344399721923253e-01
5.781508406113913257e-01 1.000000000000000000e+00
4.712575410862558933e-01 9.504229721953514343e-01
3.717531903448505481e-01 8.009912985171893096e-01
2.825761082387918122e-01 5.833873751357698811e-01
2.186704672396382332e-01 3.670145703084575217e-01
1.803592053029259290e-01 2.001141424547476788e-01
1.595688530399550498e-01 8.902740898378302958e-02
1.488358324255312226e-01 2.103123683892649254e-02
1.435161883331514954e-01 -1.792786744179775127e-02
1.410648468300399472e-01 -3.826834533573553188e-02
1.403351009609945521e-01 -4.483605815714408749e-02
