1.767839353586493800e+00 -4.820862996142949441e-01
1.773062277249134233e+00 -5.290926125780597289e-01
1.785325056324810866e+00 -6.324177688461123381e-01
1.801709667386874436e+00 -7.541499016935944155e-01
1.822835444299377272e+00 -8.902493188176379135e-01
1.846666848960563989e+00 -1.021187363387046076e+00
1.856720151806541708e+00 -1.073450958168669089e+00
1.770906384541345968e+00 -8.140125758213478946e-01
1.421714104546464519e+00 -3.181132911812323272e-02
9.058084399874029025e-01 7.494699287223578477e-01
5.360014838640609902e-01 1.000000000000000000e+00
3.724439469479724485e-01 9.557193479296112182e-01
3.250062804584025189e-01 9.051246670208601408e-01
3.299008225015220841e-01 9.229653075693999842e-01
3.402371948091975629e-01 9.562592403378011863e-01
3.373762621206458645e-01 9.396697610496680397e-01
3.234043307288849700e-01 8.609839212330290259e-01
3.052768221243120639e-01 7.429175438588533353e-01
2.878100703959716178e-01 6.124848557788680203e-01
2.730932365209195467e-01 4.881987768850013509e-01
2.665418286274694459e-01 4.292361058439504440e-01
