1.085195796466253526e+00 1.806064365069079969e-01
1.083431861513321159e+00 1.964818510832984089e-01
1.079838303441484459e+00 2.269942506109252633e-01
1.076787663762694525e+00 2.501783514813586962e-01
1.076241341106597638e+00 2.546773039778260639e-01
1.080087272667643372e+00 2.347729522688082326e-01
1.082636255641280076e+00 2.214057827170048398e-01
1.054027664400372100e+00 3.078538111233490859e-01
9.400641623887904252e-01 5.637671517038000957e-01
7.219477382406904731e-01 8.678607413061940612e-01
4.681482422963124113e-01 1.000000000000000000e+00
2.686075432056085344e-01 9.221195381598682461e-01
1.536559904180835878e-01 7.700968944249501069e-01
1.065907659490707982e-01 6.659723119653049306e-01
1.014657808846268217e-01 6.554665052291486216e-01
1.174814371014161751e-01 7.306756378559197129e-01
1.407246607664408011e-01 8.589884720864537915e-01
1.631367469535305870e-01 1.003776359490671455e+00
1.810664316740026036e-01 1.136898466972768640e+00
1.936890883261265239e-01 1.242888062403090688e+00
1.986974305394573204e-01 1.287963142323067967e+00
