9.813251985761510809e-01 4.787649555945048263e-01
9.776225652517336329e-01 5.120886555142618590e-01
9.691360588781616769e-01 5.836833398272549545e-01
9.589589225010843876e-01 6.597071675159504878e-01
9.502042928445453285e-01 7.176282087831076240e-01
9.531695499735572952e-01 7.061632894666640681e-01
9.830033080531630496e-01 5.805016336906128060e-01
1.013537125585360243e+00 4.653930464720437143e-01
9.422632909455654904e-01 6.009140328414135368e-01
7.427203073662722588e-01 8.787575339707212052e-01
5.117815387012456529e-01 1.000000000000000000e+00
3.061480165805515186e-01 9.040627805150538432e-01
1.395548816718357732e-01 6.668137301825685093e-01
2.859416947092602301e-02 4.045875090036087918e-01
-3.137491590080082604e-02 2.050159642938416127e-01
-6.059792827566146123e-02 7.856519101412506867e-02
-7.544824346596840092e-02 -9.779763474425662295e-04
-8.425757322383520265e-02 -5.735169324247724187e-02
-9.045996739961692512e-02 -1.034531083008971564e-01
-9.533227003814370715e-02 -1.446191762196903374e-01
-9.751991684872263200e-02 -1.643079975149006611e-01
