1.265494721313526583e+00 7.911391749536278439e-02
1.266983488071456776e+00 6.571501667399104463e-02
1.272073958113747238e+00 2.350248957773715119e-02
1.282850790793306217e+00 -5.553704246353596830e-02
1.301584610023079236e+00 -1.751150872373727907e-01
1.323940965433151540e+00 -2.984555541223086195e-01
1.321990895726440796e+00 -3.014529408709636371e-01
1.234866131205887507e+00 -2.733091202709525547e-02
1.026742654245337949e+00 4.632930711323486328e-01
7.583891898115122654e-01 8.653929832883791029e-01
5.172435083110444864e-01 1.000000000000000000e+00
3.249453881708654901e-01 9.142405446486678855e-01
1.689243402652224613e-01 6.879579041887139423e-01
4.707311660758173311e-02 3.926658257701026722e-01
-3.673823253799807231e-02 1.090100602911132643e-01
-8.661418987524255320e-02 -1.081480083528591485e-01
-1.132031733304162402e-01 -2.500276697889067812e-01
-1.264907862283903284e-01 -3.341062159145461452e-01
-1.329272650839394831e-01 -3.812451780211445485e-01
-1.359801357997292848e-01 -4.066374043454984433e-01
-1.369493963977648221e-01 -4.153607497278183347e-01
