1.520419057823868769e+00 -9.419038379398845251e-01
1.524361245532795728e+00 -9.773835273202262641e-01
1.532684471486074784e+00 -1.047911522655386563e+00
1.542047746680953679e+00 -1.117835487263890926e+00
1.551852446951498710e+00 -1.181645925837688793e+00
1.555271233248678442e+00 -1.203562320643604799e+00
1.517426313126257531e+00 -1.050778963131082655e+00
1.339989988216021999e+00 -4.820287453007936485e-01
9.949272959647722514e-01 3.490917210123589687e-01
6.694731564709517357e-01 8.786134709467761095e-01
4.999044013521405372e-01 1.000000000000000000e+00
4.397875890384904118e-01 9.880654137519371272e-01
4.306399910598709413e-01 9.817048040427610589e-01
4.390665592128707995e-01 1.004197520232317231e+00
4.484723027185666400e-01 1.036180914371544137e+00
4.532584149897191939e-01 1.056345312105167356e+00
4.531215153157939213e-01 1.054503965412602717e+00
4.494661524610377157e-01 1.030073273752247776e+00
4.438174891719877113e-01 9.873824819716654488e-01
4.373354946709615554e-01 9.321946802196623416e-01
4.340036489271676956e-01 9.022080685255176036e-01
