1.113504313461179507e+00 -1.100216534339963914e-01
1.114087054127421261e+00 -1.152663194301712934e-01
1.116169466499653318e+00 -1.325083590742703876e-01
1.120910229364732391e+00 -1.671933708358146475e-01
1.129775429360423633e+00 -2.236256619690504266e-01
1.140327320657393617e+00 -2.820092272905023734e-01
1.131455966990190909e+00 -2.514515950820594981e-01
1.046558978727908373e+00 1.703850583235855254e-02
8.450150605775095247e-01 4.912241942678683415e-01
5.906271577114436955e-01 8.760581631496207056e-01
3.809940483389267496e-01 1.000000000000000000e+00
2.272279564369169558e-01 9.319251806201278576e-01
9.735268778294448033e-02 7.402494626920550491e-01
-9.113099326085283280e-03 4.826525506390660913e-01
-7.444997802220465477e-02 2.659703736895180359e-01
-9.866846498942383192e-02 1.655494797146120911e-01
-9.853809154522585878e-02 1.698786664858291662e-01
-8.994078112721737295e-02 2.263825198616613577e-01
-8.109563236136457798e-02 2.922237191207024409e-01
-7.460858153284155581e-02 3.466820186793381220e-01
-7.204668860239005213e-02 3.697390550534016551e-01
