1.333339638576557462e+00 -3.428856450029300618e-01
1.338949290906400691e+00 -3.933725159715191211e-01
1.352306877001593577e+00 -5.058428570629054377e-01
1.369661964719168790e+00 -6.350764048512811399e-01
1.387643680862499451e+00 -7.525738556634911092e-01
1.392222477999439878e+00 -7.838424035392979050e-01
1.346261472358082356e+00 -5.962026159197035824e-01
1.194779815583676630e+00 -9.959240500929356088e-02
9.453734673328917371e-01 5.085367076794891084e-01
6.996418211726362912e-01 8.943582859033165633e-01
5.189795930437686167e-01 1.000000000000000000e+00
3.875976675385518488e-01 9.436385885269675811e-01
3.013953996754392128e-01 8.275954642737747280e-01
2.644790787380922881e-01 7.466873578518141708e-01
2.583683035206801870e-01 7.293197215294324742e-01
2.599854930219676064e-01 7.364409797060149643e-01
2.593649847274108744e-01 7.320654297672417599e-01
2.554907709179987663e-01 7.062189415673465476e-01
2.497338295046904744e-01 6.627646156043027759e-01
2.433836141376901629e-01 6.087684133711857015e-01
2.401891348405755799e-01 5.800180996971544545e-01
