1.319782534117303285e+00 -4.590044203043746052e-01
1.322604819053186276e+00 -4.844049847273215192e-01
1.328869875664579148e+00 -5.373477225543474844e-01
1.335388695603219933e+00 -5.864222338003433066e-01
1.337541460163479190e+00 -6.024148694250301972e-01
1.322110341035119152e+00 -5.243359900803570284e-01
1.263174617591280358e+00 -2.740852608795139034e-01
1.136236476789818539e+00 1.511570495432219552e-01
9.513853503381530796e-01 6.033695552296642894e-01
7.530701279529852243e-01 9.040256512833861890e-01
5.844222631058951789e-01 1.000000000000000000e+00
4.702075905804098954e-01 9.584588436049910065e-01
4.136025233636175802e-01 8.867898655664153695e-01
3.981407463596070007e-01 8.554684453761669527e-01
4.017008793398283428e-01 8.701068434792795792e-01
4.084943316649751743e-01 9.001161059425650812e-01
4.116087729899438052e-01 9.159673007296786906e-01
4.102000664536855634e-01 9.058273668136003209e-01
4.058934260370863356e-01 8.730619381793354172e-01
4.004967980020277540e-01 8.271112315818784921e-01
3.977191156850397036e-01 8.021120907289862600e-01
