9.456561706019375180e-01 2.533495785144790347e-01
9.466746144847983935e-01 2.441835835687307110e-01
9.493988711198166897e-01 2.213710866057239102e-01
9.537553432286451915e-01 1.891699690917665322e-01
9.596218460460530508e-01 1.513202928306487394e-01
9.633101263560348571e-01 1.296630478200029302e-01
9.501369001169430728e-01 1.818835159271250390e-01
8.893576646505780836e-01 3.778668854145568190e-01
7.616400275084584948e-01 6.804357320768241735e-01
6.018578935468705815e-01 9.208019308025034988e-01
4.685820338711798594e-01 1.000000000000000000e+00
3.839743184680347587e-01 9.694700750750491203e-01
3.382951708933242263e-01 9.086417048505789351e-01
3.166359203948421186e-01 8.588131760048922647e-01
3.079087036530973043e-01 8.304143368866354624e-01
3.053010409036577277e-01 8.195932120324600501e-01
3.050729896107703398e-01 8.186153781315528288e-01
3.053498673173145050e-01 8.203910995138321560e-01
3.052908385441792660e-01 8.198044141857359079e-01
3.046072276694831160e-01 8.138254002296201328e-01
3.040971007109365409e-01 8.092342576027009571e-01
