1.796660515085186205e+00 -6.442907701842237600e-01
1.801231814058642300e+00 -6.854324609453286143e-01
1.812927982741042499e+00 -7.835731093779862988e-01
1.831343199042910541e+00 -9.196044932000067007e-01
1.860140544162907084e+00 -1.103678910512909894e+00
1.900762663987386247e+00 -1.324296508162378316e+00
1.930465332868265271e+00 -1.466222304983300972e+00
1.815336161855522157e+00 -1.127422339528544093e+00
1.358643243810052637e+00 -9.231978484138947394e-02
8.124833513893578996e-01 7.888163070285592049e-01
5.354054226463991206e-01 1.000000000000000000e+00
4.445824459968179543e-01 9.750712591219368175e-01
4.090276289106778984e-01 9.288903658277198883e-01
3.927216213025253033e-01 8.905984192113389764e-01
3.824587519201009256e-01 8.552268730817171871e-01
3.731924595906808140e-01 8.134783494169652851e-01
3.635926055072251639e-01 7.605625792633028404e-01
3.536895488690683376e-01 6.961576825325890283e-01
3.438193604742065812e-01 6.221827322754678313e-01
3.342707093817869346e-01 5.411285039367803584e-01
3.296056897824564125e-01 4.991433275428054372e-01
