1.318130793967766223e+00 -2.559221644135050155e-01
1.324308669992736220e+00 -3.115230486382341013e-01
1.339247763109365330e+00 -4.372136695962378639e-01
1.359630862227270587e+00 -5.886565805132342177e-01
1.384113029804298733e+00 -7.471714680016487975e-01
1.402951307943301362e+00 -8.542231442474434999e-01
1.382228960421350461e+00 -7.773117467478609655e-01
1.243911557124878886e+00 -3.356591967482747130e-01
9.485721758893721489e-01 3.666366289090388086e-01
6.318904903438915532e-01 8.670406325037260942e-01
4.213577315360821363e-01 1.000000000000000000e+00
2.862511247795746505e-01 9.424667845550280809e-01
1.862898008525162297e-01 8.000773521458831583e-01
1.178940531259232705e-01 6.373182174481907269e-01
7.994647793959697157e-02 5.114955559473920443e-01
6.527611089912349618e-02 4.501236566868444533e-01
6.480361493271891149e-02 4.499791119870706346e-01
7.108862764568346648e-02 4.917562658455734148e-01
7.933930211184903047e-02 5.536945839941824765e-01
8.704842214968067093e-02 6.188930674492171269e-01
9.057394530206219763e-02 6.506227758206508671e-01
