1.354458379674209567e+00 -5.355089380481352634e-01
1.357308795600751239e+00 -5.611626813870103092e-01
1.364165065869167748e+00 -6.188632594608840520e-01
1.373069447931049680e+00 -6.851997882359324166e-01
1.381687672410567558e+00 -7.418076628330467770e-01
1.381157562421435614e+00 -7.428768096468978399e-01
1.346404350574372355e+00 -5.996141555100020781e-01
1.220563306649785185e+00 -1.915876186378202561e-01
9.656324150474817625e-01 4.136118033929534477e-01
6.724383167439584863e-01 8.663991544726135086e-01
4.478399935569474799e-01 1.000000000000000000e+00
2.877244945664662046e-01 9.308819786691432396e-01
1.702867631573324325e-01 7.651245371817324559e-01
9.364394259994868186e-02 5.835157855878582156e-01
5.157202788537468274e-02 4.435512372086689581e-01
3.285866421169830742e-02 3.637332230757543416e-01
2.757886355534866496e-02 3.370189785758656020e-01
2.908690906068284177e-02 3.478905383313453670e-01
3.347854064734390178e-02 3.812003043011591430e-01
3.864446114457253945e-02 4.251252439130305261e-01
4.124203677861482120e-02 4.485034246194110619e-01
