1.007389099533076759e+00 4.087400108571390689e-01
1.007113921045114324e+00 4.112166172488009863e-01
1.007682779801420736e+00 4.069409256863121271e-01
1.011772406857206708e+00 3.774694990515410353e-01
1.022444491563898161e+00 3.101914009998756327e-01
1.041109579387523798e+00 2.094394669865735636e-01
1.055061140780486184e+00 1.423946284862722678e-01
1.017502736512636563e+00 2.523568728253100524e-01
8.764018122274770395e-01 5.748300941279897991e-01
6.638168592914719390e-01 8.882445986167937235e-01
4.744220078650925876e-01 1.000000000000000000e+00
3.528697552232923362e-01 9.560871974013728236e-01
2.858862031856840291e-01 8.660328959247833858e-01
2.510881744161677087e-01 7.847095590552155553e-01
2.330007346332054752e-01 7.240870792539018108e-01
2.221849782258394912e-01 6.763684576694988237e-01
2.135076445471795203e-01 6.287600515524780498e-01
2.047587513676452087e-01 5.717395370194588988e-01
1.954545668867371244e-01 5.018332166280075057e-01
1.859277241937669078e-01 4.208686614163703599e-01
1.811779105258914946e-01 3.781203384054916405e-01
