1.481372193378321711e+00 -6.631195209332272356e-01
1.484203745249729423e+00 -6.886034877758966388e-01
1.490878150769227695e+00 -7.448302838032905271e-01
1.499647537878084691e+00 -8.100588472133800622e-01
1.509152201228433743e+00 -8.720133607762416972e-01
1.510819863421692943e+00 -8.849298016321194282e-01
1.475061957749101538e+00 -7.389877112454303898e-01
1.336682538547740329e+00 -2.910020156650787726e-01
1.055072974545735232e+00 3.777490935640246406e-01
7.439475213277475518e-01 8.649521295589241987e-01
5.504417851007072926e-01 1.000000000000000000e+00
4.714697329058255559e-01 9.794858135910826658e-01
4.464723804636629434e-01 9.500052951156747749e-01
4.449975045156357445e-01 9.500638333048383455e-01
4.538393959093935948e-01 9.824231087946517782e-01
4.654059015322162818e-01 1.034422035600225609e+00
4.753053761395940047e-01 1.088085978930208864e+00
4.817138354376195863e-01 1.128778623723293073e+00
4.845345515946832826e-01 1.149102463974871924e+00
4.845059656520742664e-01 1.148266363339257801e+00
4.838985525573322732e-01 1.142799645486579863e+00
