1.255301768024128961e+00 -9.564137545089881343e-01
1.259304969275534702e+00 -9.924425657716398064e-01
1.266707184265458253e+00 -1.055663486942433948e+00
1.270962675531437824e+00 -1.088850939542808760e+00
1.265445274930748099e+00 -1.056603013466132168e+00
1.234926008504358297e+00 -8.976328032060312268e-01
1.149744122443522087e+00 -5.327598706644485205e-01
9.796031253145911499e-01 3.869961848494218870e-02
7.522282444727418360e-01 6.025538795349738574e-01
5.535051842402287647e-01 9.195473212430032017e-01
4.283588709922374616e-01 1.000000000000000000e+00
3.618620556843626379e-01 9.781968191831196258e-01
3.336329336748732333e-01 9.435417559810211907e-01
3.298795927901900238e-01 9.387076745195805927e-01
3.392909183430780073e-01 9.736803764232067060e-01
3.536261279627797016e-01 1.038617699276753070e+00
3.678939390465026937e-01 1.116628081404351214e+00
3.795181474686697420e-01 1.191326213650537369e+00
3.876042597503628340e-01 1.251062230190898461e+00
3.923404854894223526e-01 1.290555031273924680e+00
3.939434806599724226e-01 1.304981987808875310e+00
