1.090389126669354170e+00 -7.936828504871584755e-02
1.092417660298140802e+00 -9.762508770779554368e-02
1.096699268329428989e+00 -1.339064855868876691e-01
1.100946927068410020e+00 -1.658931711622564364e-01
1.103130076827958828e+00 -1.809866540560287618e-01
1.097259624754711282e+00 -1.518229591128603673e-01
1.068273161962019824e+00 -2.981809044577765633e-02
9.888998091447545047e-01 2.312294133023931053e-01
8.372616918809938635e-01 5.909515553508049024e-01
6.327374695563963147e-01 8.906679874182723555e-01
4.258542214397367798e-01 1.000000000000000000e+00
2.485914656123450750e-01 9.202884797075401302e-01
1.077511397011208794e-01 7.183193481775516087e-01
3.612060364918290301e-03 4.670309157877082229e-01
-6.698466914551337581e-02 2.276542714634197662e-01
-1.101775226599908120e-01 3.927645968402604382e-02
-1.327505074588007927e-01 -8.055505138734986303e-02
-1.410974121591256347e-01 -1.320167972122977540e-01
-1.408009248743424813e-01 -1.282645813110336874e-01
-1.361967243211852363e-01 -8.850358124040047514e-02
-1.332693286758099838e-01 -6.215702043202320226e-02
