1.343894497748678418e+00 -2.144831866161318601e-01
1.348387000166718863e+00 -2.549157083784958644e-01
1.359105710529887823e+00 -3.451578937018879856e-01
1.373441683490726817e+00 -4.517359123728894588e-01
1.390320197542874947e+00 -5.611167617014878317e-01
1.401998831762620412e+00 -6.282786818366536963e-01
1.379062795943253983e+00 -5.394444237424957933e-01
1.254996325208463048e+00 -1.413990905354487460e-01
1.002187324054527151e+00 4.624394615045397394e-01
7.334070548067970208e-01 8.858081821740890760e-01
5.717083467037120670e-01 1.000000000000000000e+00
5.198867411832438501e-01 9.956852847567057019e-01
5.272916979892821043e-01 1.014809913612076508e+00
5.491069374529914393e-01 1.068535959953872183e+00
5.627633552710737952e-01 1.113066063811824602e+00
5.653457527969485419e-01 1.122417201037492873e+00
5.617949627922651512e-01 1.102090913887223245e+00
5.568018879670837418e-01 1.069711727237805832e+00
5.527275077548234883e-01 1.039537423238052760e+00
5.502034318364446008e-01 1.018474382486574292e+00
5.493329984319972326e-01 1.010640481846547978e+00
