1.271211424462039830e+00 -6.842020671580897329e-01
1.273839923508793603e+00 -7.078585585788736978e-01
1.278032280556764100e+00 -7.440259140093914425e-01
1.277986233628327639e+00 -7.452674435115529405e-01
1.267069792311616094e+00 -6.781588906816304885e-01
1.232861314897466087e+00 -4.978099672238220919e-01
1.159299462486436783e+00 -1.786606165526132273e-01
1.038733042353821467e+00 2.316985552291703776e-01
8.793992112051149945e-01 6.222727262752609789e-01
6.905355743427454840e-01 8.985636855376593068e-01
4.784333244004855823e-01 1.000000000000000000e+00
2.695472143796535658e-01 9.017798254590871920e-01
1.015606757960299533e-01 6.640269228327527751e-01
-1.501464853897810370e-02 3.840673138704394085e-01
-9.754498516081849813e-02 1.007549276753750833e-01
-1.636807621283852821e-01 -1.942025808329157499e-01
-2.192457887254398718e-01 -4.971783397772195912e-01
-2.630406016785119538e-01 -7.785914044896931063e-01
-2.937996029533450626e-01 -1.006019227694316953e+00
-3.126762318803891771e-01 -1.163794073756922121e+00
-3.194380465266413172e-01 -1.224650405573191270e+00
