9.269062783381549764e-01 5.839307309725221273e-01
9.285492245641773223e-01 5.691442149383210136e-01
9.332974145200756411e-01 5.295157490651121179e-01
9.415253492340451835e-01 4.688149623374489039e-01
9.536671981439690526e-01 3.908411778938125636e-01
9.664451664658222363e-01 3.199321783587159018e-01
9.658652909914131612e-01 3.164928698603297619e-01
9.223490541140244581e-01 4.533802663629278307e-01
8.133864988145684816e-01 7.084829279687965276e-01
6.676279627989667453e-01 9.260264682768974964e-01
5.439093945237118977e-01 1.000000000000000000e+00
4.621792092416571740e-01 9.680148512700974539e-01
4.017661707022803230e-01 8.791739229212462980e-01
3.431085926516794227e-01 7.316290785789179019e-01
2.837113469819892986e-01 5.242697841412840010e-01
2.310157247316534379e-01 2.899592303181683928e-01
1.913670499938101566e-01 7.559524671288087028e-02
1.654880217166003753e-01 -8.943734131151659383e-02
1.503270256711373154e-01 -2.009668913140822966e-01
1.421306226925271865e-01 -2.693319404372491732e-01
1.393367973982413410e-01 -2.944763680858217825e-01
