1.599510291976413257e+00 -1.053380657119427966e+00
1.604750405736558250e+00 -1.100541680960732904e+00
1.616532307760462750e+00 -1.200037010912113900e+00
1.630399594845695077e+00 -1.303649808772499696e+00
1.642534688594566639e+00 -1.383785870087201886e+00
1.637683690176938267e+00 -1.364340472926459213e+00
1.573040394514436668e+00 -1.096106696931425262e+00
1.378906191822261595e+00 -4.587213865374253352e-01
1.051474954586993693e+00 3.352925883078108349e-01
7.191212487408991105e-01 8.559260310144727324e-01
4.721976790883821717e-01 1.000000000000000000e+00
2.655155146212195838e-01 8.961674361998270832e-01
6.624884459306101814e-02 6.014666599436828687e-01
-8.398871633731042063e-02 2.461880833805542013e-01
-1.546859358205949775e-01 1.820266014980176372e-02
-1.674594468673794023e-01 -2.977113030322153797e-02
-1.558951940407092840e-01 3.649413292268477438e-02
-1.393089972933814757e-01 1.441535110614236004e-01
-1.248467619445045029e-01 2.517091961976674064e-01
-1.140418288868836338e-01 3.426335560221502874e-01
-1.095569335233677055e-01 3.829976142937936423e-01
