1.261409848176784365e+00 -2.080956762378480818e-01
1.262821975379410766e+00 -2.208048210614848017e-01
1.266978887523817932e+00 -2.554722454193694148e-01
1.274100249160542209e+00 -3.080665618182205634e-01
1.283319794018517701e+00 -3.677604076610165862e-01
1.287563076472794332e+00 -3.938197880954321661e-01
1.264304301990104351e+00 -3.001850044559164488e-01
1.167629049694687726e+00 1.249984120426805845e-02
9.628695095387449499e-01 4.960350850376356036e-01
7.108870520575627516e-01 8.787609191532785857e-01
5.220914741615472199e-01 1.000000000000000000e+00
4.189131287439440965e-01 9.643781516316911606e-01
3.586977613473200655e-01 8.795692652067519379e-01
3.177491570882782779e-01 7.813169714579417668e-01
2.936219925185171720e-01 7.011633984096239391e-01
2.829993012887798143e-01 6.558220215999717162e-01
2.783359001225658158e-01 6.306922264933905176e-01
2.741049576795060450e-01 6.028884186674832169e-01
2.685881171644222132e-01 5.611718477143612382e-01
2.621345830031753810e-01 5.061887276106746825e-01
2.587797361894637049e-01 4.759951062872698202e-01
