1.637278726292043629e+00 -6.878899347006424136e-01
1.642976025032018228e+00 -7.391656233604138038e-01
1.656580856337769525e+00 -8.537015725463987792e-01
1.675150351985469577e+00 -9.915955746460767273e-01
1.698500485828375872e+00 -1.142358340785436965e+00
1.719299540641536783e+00 -1.259041785612224018e+00
1.703305635396006767e+00 -1.203177048682282368e+00
1.551793454308308284e+00 -7.245357161214789343e-01
1.184362753820827674e+00 1.377330766434727849e-01
7.532292921425640664e-01 8.088898470192267265e-01
4.553774677964968487e-01 1.000000000000000000e+00
2.901182610261894834e-01 9.414824645949866344e-01
2.048877948938224169e-01 8.295390677352658670e-01
1.723954144757738893e-01 7.587748572084739296e-01
1.707034942216854034e-01 7.577866258828148682e-01
1.805804903789986482e-01 8.030840772327747512e-01
1.903108073226553731e-01 8.556765121740081970e-01
1.958547912026308291e-01 8.905435491108866231e-01
1.973297586139660664e-01 9.007401547445428314e-01
1.960423277945153586e-01 8.892814436151768032e-01
1.948830632207549929e-01 8.788480624513335115e-01
