1.355182544241573694e+00 -3.281306405866271092e-01
1.358056437760975399e+00 -3.539956822612424503e-01
1.364450765450969882e+00 -4.080241973006000222e-01
1.371906000156538408e+00 -4.637312744101720341e-01
1.379043338755702841e+00 -5.104901065401348248e-01
1.380457686010669427e+00 -5.207643808791564410e-01
1.357204314559858460e+00 -4.259627042666904728e-01
1.256736759120532732e+00 -1.030948573071244212e-01
1.028131952911437441e+00 4.331171299088030224e-01
7.446905178658389524e-01 8.661609963657599387e-01
5.322111209983018121e-01 1.000000000000000000e+00
4.103088479087879104e-01 9.567381201437832328e-01
3.434671688694752589e-01 8.663166419213746972e-01
3.068834314784772421e-01 7.801452289314765309e-01
2.862210999552079471e-01 7.104998410463014835e-01
2.736032710067080043e-01 6.550690896191688761e-01
2.651636276829794081e-01 6.093906653099301352e-01
2.591288041933892394e-01 5.706271085733947146e-01
2.546696017974863224e-01 5.375081052051657871e-01
2.513441066470252228e-01 5.094832354479241765e-01
2.499231980934726316e-01 4.966950584659510781e-01
