1.507546865957538174e+00 -1.270961312293614753e-01
1.513200958343193570e+00 -1.779829627002609271e-01
1.528731196761486721e+00 -3.078789624322606500e-01
1.554926127962323434e+00 -5.011196268707553969e-01
1.594340962675374840e+00 -7.539274203172627864e-01
1.637547407163312485e+00 -9.930556923018034610e-01
1.638650087596421612e+00 -1.017576808977325165e+00
1.499642135887115035e+00 -5.815452393394298092e-01
1.167347653237914118e+00 2.030439631583029758e-01
7.688696348170656059e-01 8.138162270290218991e-01
4.700467951781073239e-01 1.000000000000000000e+00
2.807227164199661562e-01 9.233149879098390134e-01
1.360046179861273963e-01 7.105638031323224801e-01
7.467627658904907317e-03 3.929859184943327866e-01
-9.668554342017693370e-02 3.687713816155013813e-02
-1.645179531718601873e-01 -2.586356435013289490e-01
-1.989451848388248956e-01 -4.410158908469712369e-01
-2.120559429457731238e-01 -5.225471085847901431e-01
-2.146477213410243889e-01 -5.404146666506706165e-01
-2.130483299550859355e-01 -5.262950348781030296e-01
-2.117238292700258651e-01 -5.143745287125622845e-01
