1.589850805707783366e+00 -6.823458344455168856e-01
1.595979596406688295e+00 -7.375049507356621348e-01
1.609960449245908976e+00 -8.554805641483316236e-01
1.627038702188603914e+00 -9.828803968875128305e-01
1.644469309314531724e+00 -1.096690230445457104e+00
1.651521612044101861e+00 -1.140156160416856856e+00
1.616082447402533262e+00 -9.972473882566044168e-01
1.462775875926305647e+00 -5.030406227803316810e-01
1.136196443157713842e+00 2.691377631854896535e-01
7.707653247504586691e-01 8.421287939326991268e-01
5.423840194416302829e-01 1.000000000000000000e+00
4.499539197158466952e-01 9.780799995157438698e-01
4.371284058872708655e-01 9.743489723428483407e-01
4.754032545340864391e-01 1.080079031627614761e+00
5.377163745409176965e-01 1.300151149663804517e+00
5.933242010590804583e-01 1.545057524238922397e+00
6.243921419107851811e-01 1.708990100846683902e+00
6.324258728883527247e-01 1.756633345340418373e+00
6.273092857882849316e-01 1.716259789911546818e+00
6.171961888554076126e-01 1.629799363244048394e+00
6.116405376509277403e-01 1.579798502403729543e+00
