1.608552644929712727e+00 -5.903152138385436842e-01
1.616319757231470255e+00 -6.602192245543605509e-01
1.633884847221088066e+00 -8.085070567730614499e-01
1.655285383308329195e+00 -9.681087870716105215e-01
1.678077440418976440e+00 -1.116463688134874843e+00
1.691275385303230294e+00 -1.193642911267409623e+00
1.658700419476671239e+00 -1.065351494134160859e+00
1.499447885874312991e+00 -5.530104813275400488e-01
1.166729798444661848e+00 2.370948151345744215e-01
7.852772060119490583e-01 8.265963733941266156e-01
5.235637223061009315e-01 1.000000000000000000e+00
4.078975131740051885e-01 9.726436479678790548e-01
3.871030020540464633e-01 9.584109777600825497e-01
4.134449766206526600e-01 1.030875060547738808e+00
4.517992780413733200e-01 1.164512132576177583e+00
4.819677839853463430e-01 1.296780494529766070e+00
4.985425723443281942e-01 1.384634886505960782e+00
5.041754082772693657e-01 1.419084287855263415e+00
5.031491181486598130e-01 1.410221581074731390e+00
4.987178767809643531e-01 1.372019084645737408e+00
4.959653112935340502e-01 1.347245995258864681e+00
