1.084829357877492129e+00 1.549232094950596661e-01
1.086991945022685258e+00 1.354599251883215061e-01
1.092206224933516268e+00 9.158309875648029674e-02
1.099378830068992841e+00 3.832317004250640480e-02
1.108034101960699402e+00 -1.772937367757165816e-02
1.113039950285200419e+00 -4.729297482194461111e-02
1.094911108024549717e+00 2.475090541802504873e-02
1.016470447556689916e+00 2.786732178848883024e-01
8.634135477188527030e-01 6.446273469651386812e-01
6.857272212014220436e-01 9.155302439158305994e-01
5.472255874628355610e-01 1.000000000000000000e+00
4.625218173999548488e-01 9.693281075915365363e-01
4.137653947164468549e-01 9.024871546329840122e-01
3.848439797045439259e-01 8.338074398723196445e-01
3.684857474555227608e-01 7.792113956130934938e-01
3.614087747408638585e-01 7.493478795519616931e-01
3.606850248482904586e-01 7.465610053990174855e-01
3.633076640754331343e-01 7.640876046790934240e-01
3.668977573712530749e-01 7.910175871284330640e-01
3.700325081388013970e-01 8.174310146577679070e-01
3.713679295277496628e-01 8.294498071583022991e-01
