1.648916425956121756e+00 -8.632219230753062078e-01
1.651010753179932955e+00 -8.820708680896061082e-01
1.655215946430482532e+00 -9.178067413178148115e-01
1.659652936179780269e+00 -9.509765355896373507e-01
1.665192494675833412e+00 -9.865400102885146794e-01
1.673091888062210764e+00 -1.029250411993895220e+00
1.673531700685076951e+00 -1.035695621098244423e+00
1.572333112234717056e+00 -7.278537097571473602e-01
1.208670590849793225e+00 9.642377547304281649e-02
7.568824785863146332e-01 8.149219666611027257e-01
4.854314724366982081e-01 1.000000000000000000e+00
3.458819774337648645e-01 9.468234778077857516e-01
2.528808336226099351e-01 8.139977123776901413e-01
1.799580417546600697e-01 6.350539583927813370e-01
1.201653531607312364e-01 4.289813742660750773e-01
7.432906426645702336e-02 2.264944481396237164e-01
4.351409321199617430e-02 6.074639236221313077e-02
2.610536133433671857e-02 -4.944153027629671904e-02
1.854698461937287490e-02 -1.041730126234543530e-01
1.708214673912389348e-02 -1.155337082032844576e-01
1.744015420128564031e-02 -1.123116410438287360e-01
