1.560217569641642044e+00 -8.645614284361595736e-01
1.564277923193515107e+00 -9.011046104030171477e-01
1.572665329558207148e+00 -9.722642148724265354e-01
1.580863201486469194e+00 -1.033976371183079834e+00
1.585900745545238077e+00 -1.068072454651135317e+00
1.578327970074566267e+00 -1.031375302241102965e+00
1.530053391190498768e+00 -8.295374862908353464e-01
1.383026764683363385e+00 -3.489225282993597688e-01
1.101637165997016110e+00 3.213482171104007357e-01
7.623112745522164779e-01 8.345721592044821335e-01
4.800120585513815707e-01 1.000000000000000000e+00
2.923708655400544809e-01 9.292301821939898954e-01
1.897929878788925384e-01 7.948442446776761150e-01
1.529645005501839572e-01 7.161668425467022647e-01
1.562788721543887926e-01 7.344447564370782944e-01
1.767275754936828425e-01 8.283534740557869647e-01
1.998079801125105526e-01 9.547219975072207543e-01
2.188888913173517858e-01 1.077321875583814315e+00
2.322263756586484540e-01 1.175907339466641499e+00
2.403603089821932937e-01 1.243889665884794660e+00
2.432711688119875149e-01 1.270087404352942428e+00
