1.139555210316189005e+00 -8.862687615063968849e-02
1.139428010851834649e+00 -8.748208097144960504e-02
1.138164507846242568e+00 -7.724685746235948614e-02
1.134145400490858435e+00 -4.797680243343283024e-02
1.126352190218638416e+00 1.665263014033691036e-03
1.116726921808734119e+00 5.470201152162879055e-02
1.108414944347121622e+00 9.266478331990946060e-02
1.071005443409434488e+00 2.084904016427526763e-01
9.325284609287223248e-01 5.192567520320823249e-01
6.921568369447634872e-01 8.642929730688480028e-01
4.295241469438191295e-01 1.000000000000000000e+00
1.923423601135371697e-01 8.897438762395104561e-01
3.162919999388336123e-03 6.216411197717023329e-01
-1.182055376372903033e-01 3.364590632153256489e-01
-1.785251747174790848e-01 1.376256561775899279e-01
-2.025487588533601002e-01 3.538223129535422729e-02
-2.102072866620704472e-01 -4.419847218196215621e-03
-2.115976445476317469e-01 -1.264291294712660552e-02
-2.108918837332695029e-01 -7.115908016666061542e-03
-2.096872997042942277e-01 3.138669014186579176e-03
-2.090693949052437883e-01 8.699812205640533591e-03
