1.034738141667109090e+00 -4.829267451595740113e-01
1.034293057756506595e+00 -4.789209899641519996e-01
1.031173403690063051e+00 -4.535186735220007037e-01
1.021940149895441241e+00 -3.862113268038074310e-01
1.002354536365702042e+00 -2.621389619865910348e-01
9.660917836647051615e-01 -6.779826859064819189e-02
9.051360830821542081e-01 1.992603565495940643e-01
8.141398216433752832e-01 5.099690186384435719e-01
7.017073060151884922e-01 7.881104335610833456e-01
5.957625227957301650e-01 9.532113487424620502e-01
5.218344551513232066e-01 1.000000000000000000e+00
4.802961697460707002e-01 9.856011309816165022e-01
4.568137584484595060e-01 9.530351774047776114e-01
4.404886450109093410e-01 9.131433793713548130e-01
4.264175765192096401e-01 8.641006765628784780e-01
4.125168882238682277e-01 8.014267324195487596e-01
3.979817558705118774e-01 7.212871292613747265e-01
3.828832843944183217e-01 6.230617703201120072e-01
3.678357360404955756e-01 5.103159135734314233e-01
3.536026067005626494e-01 3.896307677832564487e-01
3.467824956298510841e-01 3.282497681468523609e-01
