9.077235060622612650e-01 2.298682384885566421e-01
9.071181402287460394e-01 2.353165309901932289e-01
9.057072935866026242e-01 2.472086699608562199e-01
9.037374236991140286e-01 2.618032399819050227e-01
9.006373090605928056e-01 2.815683168918923229e-01
8.944372984275223981e-01 3.145040956169049551e-01
8.771558564805308489e-01 3.878941484782809646e-01
8.276211640131918568e-01 5.495153827538801217e-01
7.311063589692252673e-01 7.790625284355701119e-01
6.206376231870103233e-01 9.495285336679946120e-01
5.435729913569999905e-01 1.000000000000000000e+00
5.034607953439833583e-01 9.864809694849882016e-01
4.816415907913058070e-01 9.563615908946448974e-01
4.685166507847913220e-01 9.252869449127671952e-01
4.623301949714251347e-01 9.053658876281511780e-01
4.626660360173047160e-01 9.084067827020665398e-01
4.680370398566295886e-01 9.389352748476187394e-01
4.760168240870574774e-01 9.911202915116859025e-01
4.841547087433040186e-01 1.051917057480158402e+00
4.907323763244508807e-01 1.107284492335733894e+00
4.934784705308512542e-01 1.131999340193337034e+00
