8.924984446611681221e-01 8.858647668719754620e-01
8.934571311116297210e-01 8.772365888178210724e-01
8.971253585909373385e-01 8.469320825328985336e-01
9.058716757476483750e-01 7.829983214070752595e-01
9.234979961910547708e-01 6.712036226187718668e-01
9.528810770950597586e-01 5.126986737832055496e-01
9.849465245260349278e-01 3.666433474708412632e-01
9.786305430111355008e-01 3.713193811730279847e-01
8.737814931276500774e-01 6.016053732974098178e-01
6.745841797763549863e-01 8.850638441747793461e-01
4.755775137907992667e-01 1.000000000000000000e+00
3.462040629594363428e-01 9.546970593289720863e-01
2.728325536741494917e-01 8.532569814294262978e-01
2.217433697129531089e-01 7.280579981600960870e-01
1.790669266398494663e-01 5.803728412146189619e-01
1.441562583524826913e-01 4.254753275039513394e-01
1.181117283579993238e-01 2.844629880982516568e-01
1.000717209519546014e-01 1.689726256892214451e-01
8.800535890586702603e-02 7.969204729328271952e-02
7.993948857490851267e-02 1.191525838798179748e-02
7.668966231727569749e-02 -1.733317793071353918e-02
