9.701848014570995105e-01 3.092593672194769994e-01
9.687661025059197684e-01 3.220276577800937901e-01
9.665536248904733618e-01 3.411461776548456726e-01
9.667440837665015607e-01 3.406067441869149448e-01
9.721831205742006432e-01 3.069882858004255866e-01
9.841914279769730101e-01 2.424919495191595331e-01
9.906187230691698709e-01 2.092292610150039422e-01
9.491110933982707110e-01 3.348783630708727088e-01
8.179106371897304495e-01 6.376606921156811048e-01
6.367409832475710019e-01 9.096493856386529409e-01
4.920971797813845638e-01 1.000000000000000000e+00
4.108784352158458830e-01 9.730744445393006981e-01
3.711034954556070575e-01 9.204501204795223490e-01
3.517744620160085933e-01 8.753124044602664799e-01
3.414557862305881430e-01 8.405173504586436195e-01
3.349435999878473957e-01 8.117954458903013926e-01
3.302739127565269550e-01 7.864504820997579859e-01
3.267708149458499189e-01 7.639253250589597144e-01
3.241225602579853593e-01 7.442458577327792923e-01
3.220951785957573144e-01 7.271411072838556144e-01
3.212094814446579960e-01 7.191698329239617493e-01
