1.414433430684976400e+00 -1.851909851798847484e-01
1.420138025781629842e+00 -2.365323410497648382e-01
1.434801075120321734e+00 -3.595413308559542998e-01
1.457122062513105831e+00 -5.247466968474814308e-01
1.487949585845731448e+00 -7.230743699939807811e-01
1.519565671432690834e+00 -8.986197881106576801e-01
1.514389680057245613e+00 -8.920669180139562116e-01
1.380664074564439625e+00 -4.715630147550138318e-01
1.065040956667794525e+00 2.740817397505579400e-01
7.020818265430734950e-01 8.382654690596427205e-01
4.374288314811807798e-01 1.000000000000000000e+00
2.430340057295129474e-01 9.085236383698676033e-01
6.469958075868725844e-02 6.433311500583486220e-01
-8.874894856843207336e-02 2.698436254176839189e-01
-1.961999724155645830e-01 -9.337000398442008020e-02
-2.579324847136863497e-01 -3.611720076143224434e-01
-2.870573663454282776e-01 -5.150493429673586032e-01
-2.964611115580763068e-01 -5.726226322615681763e-01
-2.952963221666394800e-01 -5.621534991117522750e-01
-2.894101143076599492e-01 -5.114932357906947225e-01
-2.858395138584386430e-01 -4.793578317477029671e-01
