1.582409772802787273e+00 1.278450214728295009e-01
1.584166426954634055e+00 1.120351341062075790e-01
1.590134888936463042e+00 6.253078409972978591e-02
1.603665368374467270e+00 -3.639437979628112885e-02
1.631557211570093813e+00 -2.130641105780632927e-01
1.678996016439397998e+00 -4.688313065121896273e-01
1.722562006277068125e+00 -6.719608991445689128e-01
1.656208047214125401e+00 -4.875993785117112012e-01
1.361612781323605637e+00 1.826454688882415134e-01
9.529355157677263932e-01 8.048636847157273344e-01
6.367264322393526577e-01 1.000000000000000000e+00
4.219201659529422943e-01 9.062665019576905401e-01
2.551234513116127922e-01 6.664065707173409958e-01
1.364847253315242814e-01 3.835536093760955612e-01
6.853421687605809609e-02 1.573270849352992329e-01
3.765594357476054199e-02 2.531071750320923464e-02
2.743114234331867074e-02 -2.753481565854221103e-02
2.683991827894294246e-02 -2.995185710463021955e-02
3.005377192769931316e-02 -5.371330854745615113e-03
3.433716996426594559e-02 3.109570076576406716e-02
3.653701729224256844e-02 5.089432671755367288e-02
