1.532243366792059192e+00 -1.179982864332474790e+00
1.535186474232663301e+00 -1.206470831297911772e+00
1.540261410509377704e+00 -1.250013428952231109e+00
1.541998836820565266e+00 -1.264307241966655226e+00
1.534810281306383306e+00 -1.220781506356640733e+00
1.506235456667436079e+00 -1.071113230172644926e+00
1.430917908390602289e+00 -7.480623654156213220e-01
1.271594076304368048e+00 -2.165539925297728097e-01
1.015294068421537244e+00 4.018329786949772497e-01
7.162105577690258684e-01 8.514295417712307579e-01
4.441237308096366854e-01 1.000000000000000000e+00
2.258743367049020900e-01 9.052669746258853456e-01
6.986590449280100090e-02 6.879831355757978217e-01
-2.570991399092031893e-02 4.625310869626202970e-01
-7.850140788416165583e-02 2.856655230353898345e-01
-1.074479206861560510e-01 1.594240412729243106e-01
-1.243842277506813088e-01 6.826162944026070711e-02
-1.352842913939951708e-01 -1.557939552899068048e-03
-1.429165105575955774e-01 -5.819650572842571812e-02
-1.485175855530741496e-01 -1.053931486574088972e-01
-1.509056285182288626e-01 -1.268855353438014255e-01
