9.979498603843701687e-01 4.856885685096692384e-01
9.976249873460609763e-01 4.886124258544519705e-01
9.982061424809973715e-01 4.842880578132700009e-01
1.002243102495005367e+00 4.551233095419684460e-01
1.011741427888953382e+00 3.950024253375179484e-01
1.026423388702331074e+00 3.152252277174438788e-01
1.034420768214985076e+00 2.749211424066357878e-01
9.998993897437840062e-01 3.788024655677770802e-01
8.838674283854585090e-01 6.450705790080910607e-01
7.064027178895040393e-01 9.043630601387080414e-01
5.412496725442095258e-01 1.000000000000000000e+00
4.348319815933945343e-01 9.630984145331875634e-01
3.832799386129702723e-01 8.968959140391514762e-01
3.639942041419794716e-01 8.536891681397908993e-01
3.571316339291605857e-01 8.308741642458943311e-01
3.527214240221332453e-01 8.110504079661975396e-01
3.482779409124407977e-01 7.865724259596302836e-01
3.438972488035552111e-01 7.581681476555361954e-01
3.399095818077291220e-01 7.283869373397080516e-01
3.364429900067753554e-01 6.990551524761694502e-01
3.348439395508671090e-01 6.846636983729954551e-01
