1.428892843059143658e+00 -6.546272020167300809e-01
1.430912632875847024e+00 -6.728053103670603718e-01
1.435239381485668098e+00 -7.094390890623323287e-01
1.439822176507610685e+00 -7.438256130090472595e-01
1.442858258830409302e+00 -7.643179431746656149e-01
1.437283143917637229e+00 -7.372026147047785471e-01
1.399479414578878922e+00 -5.796523363429990638e-01
1.275023690754449879e+00 -1.748167965376992150e-01
1.028503252349275421e+00 4.112114357650660246e-01
7.341089702318084331e-01 8.591388007952909245e-01
4.963959393675377862e-01 1.000000000000000000e+00
3.665876167100369232e-01 9.670435090020607083e-01
3.686025276426602160e-01 1.004029821865246586e+00
4.481473556744531850e-01 1.207692904030063019e+00
5.093597031801659902e-01 1.407968867951683745e+00
5.231714642793126036e-01 1.460388752042934168e+00
5.113205918330137045e-01 1.392110677670476804e+00
4.929480972002640016e-01 1.272526927382191975e+00
4.756156121299557338e-01 1.143215829311512444e+00
4.612267813772823466e-01 1.021700055115974060e+00
4.548216532031306159e-01 9.640539015486080388e-01
