1.148396037843546935e+00 -2.698119650593842067e-01
1.151720794848341889e+00 -2.997347781025379021e-01
1.159534383426151116e+00 -3.655682437298075627e-01
1.168702702957984396e+00 -4.342353120256543519e-01
1.174838969606314176e+00 -4.757323998744524829e-01
1.166453756476896864e+00 -4.352631129168766932e-01
1.121061218129351333e+00 -2.438509677077664861e-01
1.008451978844729258e+00 1.295272966747171850e-01
8.204821719090447107e-01 5.825256033020909108e-01
6.117449735600901661e-01 9.021739158307253703e-01
4.604670319263635125e-01 1.000000000000000000e+00
3.867070535739888792e-01 9.796918791120774461e-01
3.596198750422087143e-01 9.458256429364396700e-01
3.499513997063584125e-01 9.235992745727463760e-01
3.457630795665581624e-01 9.097354117055380662e-01
3.441341884010344909e-01 9.028898583257272126e-01
3.437751629838683431e-01 9.010656945404464935e-01
3.435051288173769368e-01 8.992044920744568515e-01
3.426146651425638900e-01 8.923217801429936813e-01
3.409392795152847988e-01 8.778927757052534808e-01
3.399133600957773282e-01 8.686595009296862457e-01
