1.497399165126434895e+00 -7.353721910066255418e-01
1.504302455009239203e+00 -7.975017999518634326e-01
1.520207562941515711e+00 -9.316459532928806908e-01
1.540615159853109262e+00 -1.083500949723507745e+00
1.564209240509558896e+00 -1.236471212524326901e+00
1.578415658632982499e+00 -1.319691604935773199e+00
1.533123321337561018e+00 -1.140540372083182596e+00
1.335443759444861822e+00 -5.001912327805677627e-01
9.921956244887000231e-01 3.366741453999377853e-01
6.605326971886689158e-01 8.612160993879482973e-01
4.219491160537578445e-01 1.000000000000000000e+00
2.531290024070862454e-01 9.309795668761877696e-01
1.469869678304225324e-01 7.877159308466725740e-01
9.440180369622153123e-02 6.670820398969210530e-01
7.282808851401006978e-02 5.962507418494247258e-01
6.276694423541573364e-02 5.520551729573149879e-01
5.469336414261705137e-02 5.075646841782552876e-01
4.621537429735739222e-02 4.523413435765039625e-01
3.771193591540228374e-02 3.886692380510564648e-01
2.993781906152609418e-02 3.228502232179324971e-01
2.631173905941164293e-02 2.902155031989024359e-01
