1.230923212019877866e+00 -3.435079619357672698e-01
1.233547700247147993e+00 -3.671283559811975294e-01
1.239073711995454907e+00 -4.139609381949238553e-01
1.244314595813192703e+00 -4.535486484401243246e-01
1.245513576448316506e+00 -4.630818925475690406e-01
1.232174381157108201e+00 -3.952455364299503060e-01
1.182885192322344459e+00 -1.858899654612642394e-01
1.071720685729677047e+00 1.846939275218706378e-01
8.971218074526896569e-01 6.079658174633801870e-01
7.011047161843797504e-01 9.045076536211427154e-01
5.416225694462111218e-01 1.000000000000000000e+00
4.609897073220995400e-01 9.833569382351997623e-01
4.581955006969840039e-01 9.944115867497689276e-01
4.798127080875507211e-01 1.045414353781784378e+00
4.802538514405683134e-01 1.039410574942972731e+00
4.600748545166134518e-01 9.458427992210629576e-01
4.357510148932464134e-01 8.127515495069510543e-01
4.159642188116534633e-01 6.857160285330770044e-01
4.020851869256860667e-01 5.829985179296541808e-01
3.928771036239517844e-01 5.056900556156964655e-01
3.892333077238685490e-01 4.728958925149475689e-01
