1.203162012242247059e+00 -4.900767183359757695e-01
1.208496663918890768e+00 -5.380885834257682632e-01
1.220391060468053013e+00 -6.385784074957108203e-01
1.233456877396737816e+00 -7.365988708690238695e-01
1.241518351971766965e+00 -7.914737903753641390e-01
1.226874195093644815e+00 -7.198084085036162705e-01
1.157417254532195905e+00 -4.257810868608356003e-01
1.011760673595924587e+00 6.444603711244223376e-02
8.105285480716701851e-01 5.593094879327584756e-01
5.901832920380494230e-01 8.884876697188262007e-01
3.749221407641559756e-01 1.000000000000000000e+00
1.890313475423409662e-01 9.178580277709046387e-01
5.156919373801321926e-02 7.250756923913445062e-01
-3.696256303264278120e-02 5.148006036546088904e-01
-8.948737549320961993e-02 3.379129290077651504e-01
-1.208068054115302714e-01 2.006290166813050613e-01
-1.412342943370677451e-01 9.007027578125770262e-02
-1.561632594582697542e-01 -6.011183794796259861e-03
-1.679021813393123397e-01 -9.341488999429503615e-02
-1.773242612068671731e-01 -1.729823557700880254e-01
-1.815150880422213842e-01 -2.106997972882758141e-01
