1.154459923934989973e+00 1.966415358119100176e-02
1.155936638360486768e+00 6.373723751719850839e-03
1.159319684259270566e+00 -2.216735786404733233e-02
1.163624611350873916e+00 -5.420817897855734202e-02
1.168734345468307456e+00 -8.726517930147537072e-02
1.172867196964379577e+00 -1.106405752809527243e-01
1.165873461248125631e+00 -8.408734541289231146e-02
1.108853866447706782e+00 9.538688770157310870e-02
9.375372010543054913e-01 4.866243645755856662e-01
6.808493833420983243e-01 8.660247015939841475e-01
4.696640999212932099e-01 1.000000000000000000e+00
3.376278386467987946e-01 9.451737237402948466e-01
2.212430380685391773e-01 7.672303988434807653e-01
1.081445958728356471e-01 4.894935965749246387e-01
2.682659626376898698e-02 2.157615160158070644e-01
-1.739598424300525803e-02 2.442669521385343323e-02
-3.846567395307604054e-02 -8.754694427171461069e-02
-4.792479313439734767e-02 -1.471355876057496292e-01
-5.169732311614227971e-02 -1.744818992136019098e-01
-5.260735009944528251e-02 -1.817335403276911787e-01
-5.257877534711052903e-02 -1.814763675566783974e-01
