1.256693372722386570e+00 3.284117483898914003e-01
1.258588163643202584e+00 3.113586301025463854e-01
1.264548263589222010e+00 2.617830396135758519e-01
1.276597968949165551e+00 1.733697930687672084e-01
1.298811048911261423e+00 3.210691696145229201e-02
1.333262399033242396e+00 -1.543785172758083135e-01
1.362062640684519765e+00 -2.898021503755430217e-01
1.309013348250896103e+00 -1.392318482313243955e-01
1.088175384235384291e+00 3.640709473899752524e-01
7.702108579303719171e-01 8.412465701202236357e-01
5.017681433910363697e-01 1.000000000000000000e+00
3.163114191057092572e-01 9.242325603742319595e-01
1.895313680938218170e-01 7.464398979762251196e-01
1.066959729834958681e-01 5.489463240313666725e-01
5.592030563816868804e-02 3.776664383742645015e-01
2.564663793192073493e-02 2.452509834641453668e-01
7.368792010103208945e-03 1.469046920183675331e-01
-3.945782672212572173e-03 7.465973107884726900e-02
-1.099143577720601561e-02 2.265201908452529889e-02
-1.523083803681296589e-02 -1.281446099256938753e-02
-1.678210003705205011e-02 -2.677581899472114557e-02
