1.818326307779148721e+00 -4.104763371526622961e-01
1.822645200707720292e+00 -4.493463735098046641e-01
1.834191115072782985e+00 -5.460325813588795540e-01
1.853654310484988521e+00 -6.895019706808103166e-01
1.886223878921424735e+00 -8.971555552751411255e-01
1.936125626717895898e+00 -1.166997688718218740e+00
1.981901945735704995e+00 -1.379671318125204493e+00
1.879687908592619472e+00 -1.089237172378007656e+00
1.439697323655891648e+00 -9.083399967940675168e-02
8.942803238161882717e-01 7.761515822718789703e-01
5.680618068516868346e-01 1.000000000000000000e+00
4.078082870153034722e-01 9.421165793999970450e-01
3.147557855328484422e-01 8.138949970350899399e-01
2.574912505707515065e-01 6.772704730312512078e-01
2.206473055452471410e-01 5.519901470088786066e-01
1.951216660122571112e-01 4.391104402897879622e-01
1.756197831420194255e-01 3.328762916554923734e-01
1.592993468951937608e-01 2.273579722108198808e-01
1.449765331861765372e-01 1.203711645024005961e-01
1.324541604875959511e-01 1.439692196047404060e-02
1.266588995343140844e-01 -3.776042661906275910e-02
