1.416017248966452868e+00 -1.198115604204929241e+00
1.422557904622909319e+00 -1.256981505113037301e+00
1.436077345664861227e+00 -1.371677689105109010e+00
1.448432746939077198e+00 -1.465144283410117154e+00
1.452104444611666878e+00 -1.492551085334374861e+00
1.428542439650198670e+00 -1.373036142310903429e+00
1.338644187914479700e+00 -9.915860486226897308e-01
1.131831300877895519e+00 -3.031062225225555906e-01
8.273797814391272709e-01 4.445685384011834884e-01
5.496640506397190151e-01 8.879640665931574084e-01
3.752643241263899920e-01 1.000000000000000000e+00
2.639923054958411286e-01 9.510917744759375125e-01
1.695854347416829722e-01 8.111862584916836871e-01
9.308819797825412801e-02 6.271931934314929347e-01
5.035015256252117766e-02 4.872396033018941974e-01
3.877033060847556722e-02 4.410799474140659759e-01
4.306354666367573358e-02 4.666796118169127539e-01
5.150136420750384136e-02 5.216107504968635622e-01
5.920957284710370860e-02 5.789721861966803385e-01
6.508149942807850419e-02 6.284155502028357931e-01
6.754945078643559420e-02 6.506271124280496032e-01
