1.406777172249228158e+00 -5.493754572013287429e-02
1.411147437336675914e+00 -9.426993150716356240e-02
1.422803856109723597e+00 -1.918915467789918949e-01
1.442413933549919314e+00 -3.364482425459627279e-01
1.474688777873102374e+00 -5.424212322396559927e-01
1.520131732515205503e+00 -7.895869260187584615e-01
1.548267557074980427e+00 -9.276222583313744607e-01
1.443902406367326918e+00 -6.171705966946730015e-01
1.102762147881996446e+00 1.721188614699005193e-01
6.888215786169467059e-01 8.201907480263681549e-01
4.256033558186153032e-01 1.000000000000000000e+00
3.054294478607113561e-01 9.632350628667956105e-01
2.537620738815107302e-01 8.966652520415987482e-01
2.344883771464850719e-01 8.537465986825180098e-01
2.301658171576749234e-01 8.408276186163068378e-01
2.316110906739224928e-01 8.480052862973255223e-01
2.344124270472817129e-01 8.634167309214524355e-01
2.367661119429069760e-01 8.784877624334983537e-01
2.381415998507628862e-01 8.885427435580512956e-01
2.385609190299662341e-01 8.918900504013200781e-01
2.385536724396080110e-01 8.918248310880958485e-01
