1.186546026150621103e+00 -4.939703091985236938e-02
1.186519996282974887e+00 -4.916276211103642879e-02
1.186445132166897842e+00 -4.853781931477385569e-02
1.186545286907291885e+00 -4.919006824910177045e-02
1.187180771734103857e+00 -5.315196619879802853e-02
1.186620192428796461e+00 -5.083556551024770442e-02
1.172230358811213513e+00 7.770844103378138357e-03
1.106718797647888719e+00 2.176482860676411946e-01
9.517614372989022797e-01 5.797318094546501932e-01
7.416273420262273763e-01 8.926544623872751938e-01
5.612142921894296421e-01 1.000000000000000000e+00
4.454988817796741163e-01 9.573521018143174022e-01
3.792521565026828467e-01 8.675065494460174609e-01
3.441071629920942065e-01 7.856703960055602121e-01
3.288478819712788992e-01 7.361794383415789511e-01
3.262663621909041023e-01 7.269849540412403055e-01
3.310000076930603718e-01 7.542552322330173808e-01
3.388308600379610347e-01 8.054691479663262932e-01
3.467286347163984761e-01 8.644225437299208892e-01
3.529921690445565474e-01 9.171253796688110249e-01
3.555867303581821126e-01 9.404764314914411116e-01
