1.124876356385991372e+00 -2.743187719059143603e-01
1.126360766378740053e+00 -2.876784618406524885e-01
1.129534121456322371e+00 -3.145497124540597156e-01
1.132112479842130703e+00 -3.342871662395516807e-01
1.129889164140848390e+00 -3.218366853328324950e-01
1.112204113730534516e+00 -2.302987042790061167e-01
1.061119182156613938e+00 -1.138665657526694019e-02
9.635196587582783856e-01 3.179245237856034301e-01
8.251084421592884688e-01 6.558338702160551037e-01
6.530253772673160206e-01 9.052412384745456286e-01
4.402553508649513780e-01 1.000000000000000000e+00
2.110967980625594875e-01 8.888527120745184362e-01
3.687792229049824400e-02 6.515622484558775129e-01
-4.597177531982560295e-02 4.660847434714855964e-01
-6.822588869361412289e-02 3.968463997400757393e-01
-7.093168220088785780e-02 3.857934358137513620e-01
-7.261866166620745133e-02 3.759013489190632384e-01
-7.626450901568243568e-02 3.518376070408284484e-01
-8.060968997906980960e-02 3.192648171151143410e-01
-8.454947028474729676e-02 2.859633175460194465e-01
-8.633272740842223847e-02 2.699140034329450266e-01
