1.351312709986926208e+00 1.158458037802780893e-01
1.355580068321731169e+00 7.743957876703255749e-02
1.367250951638374623e+00 -2.019484610091915044e-02
1.386772078509738826e+00 -1.642462591823061757e-01
1.416527630251217751e+00 -3.548971715207063227e-01
1.452494312730831627e+00 -5.523685337707284759e-01
1.465396220841372443e+00 -6.223048988405528448e-01
1.372014293576701460e+00 -3.367322925294198299e-01
1.099053525054762170e+00 2.971443472620096671e-01
7.476256986857670039e-01 8.335778394053929841e-01
4.776778886738851648e-01 1.000000000000000000e+00
2.924875537693431560e-01 9.183353145127328698e-01
1.427711902042528846e-01 7.005672728698194573e-01
3.586359340768102699e-02 4.478961605579269700e-01
-1.714543729294171204e-02 2.747159564741847859e-01
-3.415542547542144147e-02 2.038191275436601058e-01
-3.621993766164877115e-02 1.942889306269018901e-01
-3.376576422972266123e-02 2.106757806360062268e-01
-3.040950734123282206e-02 2.358640263263772630e-01
-2.721461552953247098e-02 2.629236051607382607e-01
-2.571417118877428187e-02 2.764276042275619627e-01
