1.293565361261943991e+00 -5.238177060489039860e-01
1.297302041734200273e+00 -5.574478302992105228e-01
1.305884392234194280e+00 -6.298433147714188607e-01
1.316542495874026386e+00 -7.092957102779813283e-01
1.327416044138924001e+00 -7.803494334794613962e-01
1.328814367137197472e+00 -7.924021631236319863e-01
1.286158570243538746e+00 -6.181161838944673192e-01
1.135918603806080895e+00 -1.284032793429648045e-01
8.807869489733517465e-01 4.931069915208223797e-01
6.273404447337629364e-01 8.904381893948114524e-01
4.379030473291986580e-01 1.000000000000000000e+00
2.945893029723038459e-01 9.365618424424808630e-01
1.767001640492367742e-01 7.642217221538658567e-01
7.511866729339095050e-02 5.139282132518763202e-01
-7.362276991827898520e-03 2.311349515012988132e-01
-6.353380013396420223e-02 -1.437223531446168989e-02
-9.358543094770516158e-02 -1.738609259496921577e-01
-1.055205141439232164e-01 -2.481759717566928147e-01
-1.081704759674831928e-01 -2.666711197154802981e-01
-1.072442620488315290e-01 -2.583897792537477311e-01
-1.063726329363122725e-01 -2.505451172410744221e-01
