1.404011101443227716e+00 -6.795958173183720419e-01
1.404805973495641069e+00 -6.867496657900922230e-01
1.406839972774859504e+00 -7.038165320762530541e-01
1.409738905774212903e+00 -7.253481902985328134e-01
1.412316278840077821e+00 -7.424722344662697537e-01
1.407780238610467194e+00 -7.207096006115332187e-01
1.371168550988030921e+00 -5.688092425988608980e-01
1.244925472435484792e+00 -1.589219268417134678e-01
9.972142533858036062e-01 4.315855097106859883e-01
7.130070082411466004e-01 8.684189754519870963e-01
4.840492025789043806e-01 1.000000000000000000e+00
2.949632036047131201e-01 9.082907821400381110e-01
1.167704892174219466e-01 6.436145712254176532e-01
-3.349965151380623896e-02 2.792876455590623253e-01
-1.346270744682512288e-01 -6.143540205481867744e-02
-1.913973718092447651e-01 -3.079461100092403258e-01
-2.204653448393349424e-01 -4.629244295993337754e-01
-2.344889988575232787e-01 -5.514515532870096770e-01
-2.403100482259864501e-01 -5.936347486561692754e-01
-2.415273739074497161e-01 -6.031548299994209383e-01
-2.413088497989954728e-01 -6.011881130233329706e-01
