1.689705410097250393e+00 -7.407593320406036241e-02
1.692301081067345336e+00 -9.743697193491485109e-02
1.699550634695022211e+00 -1.580290719264247912e-01
1.713134367671335312e+00 -2.577690854181984292e-01
1.740133867053104133e+00 -4.286959320275425256e-01
1.792957167749761105e+00 -7.108820845738659244e-01
1.871014867796434444e+00 -1.057866536394177714e+00
1.851913955452268334e+00 -1.043867847774733626e+00
1.454294107151558491e+00 -1.862231904160935869e-01
8.611825119435116971e-01 7.421032923354429212e-01
4.860847460850437618e-01 1.000000000000000000e+00
2.874336543862902604e-01 9.185499664951572996e-01
1.469831614815421683e-01 7.190990141905038158e-01
5.084161576810425354e-02 4.896748364500955186e-01
-6.141073654592155151e-03 2.988851650728423515e-01
-3.501961464021335901e-02 1.743340632539002732e-01
-4.733968029032320501e-02 1.094506072296984600e-01
-5.114815184758697564e-02 8.607443410250464888e-02
-5.100554864938178223e-02 8.774060347175738350e-02
-4.924543821945892574e-02 1.029136503592467111e-01
-4.815327477135245005e-02 1.127431213922049924e-01
