1.122103053502954140e+00 -1.209507209294340413e-01
1.124753096750670700e+00 -1.448011101588821958e-01
1.130015965080179985e+00 -1.895541000426739231e-01
1.134312166359085161e+00 -2.222403340768028812e-01
1.134569263811744388e+00 -2.254662949898706970e-01
1.123496249239430256e+00 -1.686749433838468093e-01
1.085808486044031573e+00 -8.277154774391171088e-03
9.993844315885387353e-01 2.790360359596251172e-01
8.531226297694249894e-01 6.299426666858076729e-01
6.680939631123288258e-01 9.028501080740625184e-01
4.859844678910925087e-01 1.000000000000000000e+00
3.372770623136220336e-01 9.362521977178284160e-01
2.331277540291732397e-01 7.917013834311024123e-01
1.729439249755426178e-01 6.515514022724876453e-01
1.472605027431753144e-01 5.686000363943719549e-01
1.426243350766361884e-01 5.513202972426901605e-01
1.478045296917174234e-01 5.811365334187028608e-01
1.558924300251141037e-01 6.338365726518730980e-01
1.634928428016998447e-01 6.904672376317688709e-01
1.693514332484460372e-01 7.397667761086890170e-01
1.717822481513966437e-01 7.616441102352444759e-01
