1.261805045950282533e+00 -3.894696462588882468e-01
1.265478096903802196e+00 -4.225271048405652152e-01
1.273774241096343296e+00 -4.925693093344136742e-01
1.283317455996296541e+00 -5.639949068731073822e-01
1.290431418006883213e+00 -6.115988005975596664e-01
1.282962239043514696e+00 -5.764467461303723894e-01
1.233911292759182210e+00 -3.705799416800186208e-01
1.110382241840099482e+00 3.939513804853866930e-02
9.083216382847602022e-01 5.276574691069908507e-01
6.721503728382556275e-01 8.817482141610610835e-01
4.573555343873966783e-01 1.000000000000000000e+00
2.871718448083578901e-01 9.263593630328812445e-01
1.603313658088175164e-01 7.463190420009192527e-01
7.363037510246228656e-02 5.394159119142751813e-01
2.311327418756681240e-02 3.708486569286268963e-01
-1.550092831009153294e-04 2.715231918162501201e-01
-7.106725859525098166e-03 2.360652235874108884e-01
-6.230870332431304170e-03 2.428955976237857639e-01
-2.450814163851788852e-03 2.715608060986097749e-01
1.887253728613813575e-03 3.083986018360327930e-01
4.020506326312012213e-03 3.275978752153165807e-01
