1.621301091595000798e+00 -7.985167239026189634e-01
1.623818871147154397e+00 -8.211767398720013489e-01
1.629615743558340490e+00 -8.700694987136436964e-01
1.637313474773277377e+00 -9.272327100772344011e-01
1.647420916883098663e+00 -9.922960010920665042e-01
1.657251854193785512e+00 -1.047139491399416755e+00
1.644498528028719875e+00 -1.000268320295925051e+00
1.519593552725190477e+00 -6.086579346635012655e-01
1.178920766993723390e+00 1.806971523811267133e-01
7.692693431842867469e-01 8.230118463403366391e-01
5.156014176110067515e-01 1.000000000000000000e+00
3.956463820768914563e-01 9.567247363795012838e-01
3.193945386360822480e-01 8.474963131183815834e-01
2.622073125636665281e-01 7.089112147214449156e-01
2.224556881017558663e-01 5.741153631259074963e-01
1.981145369503987119e-01 4.679505855789272140e-01
1.848555274197454246e-01 3.971967013365591548e-01
1.783715673658277101e-01 3.562678175482367759e-01
1.755026405681487933e-01 3.353415266316215337e-01
1.742621282187886145e-01 3.250207188202427488e-01
1.738654192022912603e-01 3.214503376717665617e-01
