1.181574765489054712e+00 -3.028672405817083302e-01
1.180916913427342507e+00 -2.969465720262984831e-01
1.179170993032943926e+00 -2.823213568093976278e-01
1.175981111573435545e+00 -2.589041182601530267e-01
1.169295420530796825e+00 -2.166881588774982603e-01
1.154020311553486611e+00 -1.357287360751300298e-01
1.118544664418889445e+00 1.686508352475168948e-02
1.042573714049477296e+00 2.695623507060918023e-01
9.059997246756620326e-01 5.938968637500308123e-01
7.029481565506774388e-01 8.823358869525221859e-01
4.486090441866944500e-01 1.000000000000000000e+00
1.907428405089359735e-01 8.788087956387466981e-01
-1.158198675874066996e-02 5.953503454646467130e-01
-1.390132911908698032e-01 2.941900550746826548e-01
-2.098402321699129880e-01 5.717997268421570745e-02
-2.459415560741808893e-01 -9.879738738378640583e-02
-2.615297112703398597e-01 -1.807542541098097200e-01
-2.656492465353992305e-01 -2.055749102199968537e-01
-2.643096311541903720e-01 -1.947545426504950772e-01
-2.611826981336023978e-01 -1.680552053662429657e-01
-2.594988250140541908e-01 -1.529003472903092131e-01
