1.129319406674106574e+00 1.756397391607436020e-01
1.132035744074771699e+00 1.511927025547574743e-01
1.140506187351022938e+00 8.071281894408244284e-02
1.157087202722336894e+00 -4.110839453070092020e-02
1.185675388106187000e+00 -2.234644163295298469e-01
1.225044981462735105e+00 -4.380736590003930786e-01
1.243657889595062516e+00 -5.341336089981281177e-01
1.130503102335607135e+00 -1.916738378836635448e-01
8.476534548858138951e-01 4.841848349392798845e-01
5.897458723554538373e-01 9.147826869960762330e-01
4.552332227800622855e-01 1.000000000000000000e+00
3.480075614122719041e-01 9.420696752036774591e-01
2.232001227069734250e-01 7.503851225894030419e-01
9.631791163271941070e-02 4.366156032756168814e-01
-5.527052580789504344e-03 8.924084358685935303e-02
-7.172169483124030132e-02 -1.998925006171638485e-01
-1.089893832783745964e-01 -3.991438560977496053e-01
-1.286294448520614031e-01 -5.237113738686429709e-01
-1.390027987026621337e-01 -5.999710563446762901e-01
-1.447659421632901955e-01 -6.481931419685005302e-01
-1.468828801020900521e-01 -6.672455834176993505e-01
