1.554203595118833547e+00 -2.241430054292692375e-01
1.559713617540589681e+00 -2.737332072250744375e-01
1.573262600909116848e+00 -3.876350965950479122e-01
1.592692325075152127e+00 -5.316821267040658938e-01
1.619083332435705014e+00 -7.014189340866465727e-01
1.649516982558507650e+00 -8.685874288419492828e-01
1.663751553257108107e+00 -9.409591176178651040e-01
1.576504413505817936e+00 -6.780188630810810579e-01
1.231534724578948969e+00 9.796881924103351125e-02
7.805191341994657250e-01 8.079057940790090875e-01
5.461215026863641686e-01 1.000000000000000000e+00
5.058739851307751945e-01 1.002055908036521448e+00
5.158660684144844577e-01 1.019984166567418526e+00
5.259903484643897453e-01 1.042420831469946796e+00
5.237322209275967477e-01 1.031200216520057111e+00
5.112186122219855022e-01 9.730784053315115756e-01
4.943773028200697528e-01 8.800979252861176327e-01
4.778123135569121160e-01 7.729169334798293711e-01
4.638610367376563293e-01 6.690977751531255180e-01
4.532047028276879885e-01 5.793509905553237971e-01
4.487085895096329935e-01 5.388859706928288418e-01
