1.461848754191782618e+00 -1.161437264526773205e+00
1.466290380191749954e+00 -1.201411898526480115e+00
1.474846429847459284e+00 -1.274301921772121204e+00
1.481402570704741350e+00 -1.324309331428837666e+00
1.481135883310644719e+00 -1.325150924265798835e+00
1.460730079279703553e+00 -1.220413499515455413e+00
1.384075735828024900e+00 -8.960987262734363412e-01
1.191081219062729124e+00 -2.581582319611746001e-01
8.931813268946815487e-01 4.716791251238419136e-01
6.290208894566025055e-01 8.997018819810469470e-01
4.867735100809271742e-01 1.000000000000000000e+00
4.232453297850289897e-01 9.784210810608240383e-01
3.857803524877385648e-01 9.250700454054191502e-01
3.599926658952217751e-01 8.635930439859833552e-01
3.469294343696970317e-01 8.212417461182865974e-01
3.448831357723328717e-01 8.141718564225881583e-01
3.483853148464958194e-01 8.340696261738074213e-01
3.526344501094402784e-01 8.614266986340139987e-01
3.552006407590608816e-01 8.800939629484392235e-01
3.554458006262135594e-01 8.815964719857327658e-01
3.549870307262854574e-01 8.774675428863796256e-01
