1.074544415667135766e+00 -2.161404927008661048e-01
1.075810867812142746e+00 -2.275385620059289238e-01
1.077793817904932006e+00 -2.446686148932499805e-01
1.077588522544900229e+00 -2.439480453208098254e-01
1.071921491512701774e+00 -2.090240658198050383e-01
1.054493904482054489e+00 -1.171408929421842160e-01
1.013720269557740528e+00 5.863599606133451658e-02
9.318678940871503169e-01 3.322844080911564468e-01
7.968253722667401062e-01 6.561305415845157807e-01
6.248906430589979966e-01 9.093467027601289665e-01
4.610558228954467763e-01 1.000000000000000000e+00
3.497204578679203868e-01 9.618461578961537972e-01
3.098763546920173528e-01 9.203117936481939321e-01
3.313537997364580656e-01 9.864343898535729016e-01
3.855334690821055066e-01 1.179985361119665122e+00
4.420781002195113274e-01 1.431696553577544329e+00
4.830382056015163350e-01 1.651924517961318450e+00
5.053710238220974205e-01 1.792826808031636965e+00
5.138623481034703122e-01 1.853852021535788097e+00
5.142568334084698378e-01 1.855816445746242938e+00
5.130653751789284733e-01 1.845093321680370657e+00
