6.979838897859567126e-01 8.559510169816242353e-01
6.915694951131201584e-01 9.136805690371536670e-01
6.770846556864631438e-01 1.035973679123245894e+00
6.597253371952285228e-01 1.165559353315708258e+00
6.424054826069278690e-01 1.278767354582926785e+00
6.358936905906453774e-01 1.319357295515225736e+00
6.661504409970016027e-01 1.196811105055196833e+00
7.461763287411478096e-01 9.279958802510059890e-01
7.852225589351889967e-01 7.986150936905296316e-01
6.845301057804538125e-01 9.115496428236176119e-01
5.169267795834601165e-01 1.000000000000000000e+00
3.779293587361276519e-01 9.401555481732788433e-01
2.630847110528716781e-01 7.703107046334880526e-01
1.597108185873277186e-01 5.151892230933909911e-01
7.575077458843315625e-02 2.277227437068218840e-01
1.808190826770983417e-02 -2.503524050690930647e-02
-1.601324520296376619e-02 -2.075236424001130064e-01
-3.384884846690272564e-02 -3.203602307078500244e-01
-4.208856561218393688e-02 -3.804549991459964531e-01
-4.518013129115655557e-02 -4.058623418355720713e-01
-4.585494854895122430e-02 -4.119356971557240898e-01
