1.071201276151281689e+00 -3.258232119546171646e-01
1.070183685793846706e+00 -3.166648987377023161e-01
1.067477881239851989e+00 -2.940008719483095945e-01
1.062776711427854348e+00 -2.594044690677659304e-01
1.053814525691138648e+00 -2.026183990320342687e-01
1.034979149495804052e+00 -1.024922879340834925e-01
9.938070501010598523e-01 7.508225571895010830e-02
9.113054527555612960e-01 3.508730010761333951e-01
7.785634845483373478e-01 6.705725815153922298e-01
6.138497753060334627e-01 9.138126149401089027e-01
4.340385519023366445e-01 1.000000000000000000e+00
2.231666025785806751e-01 8.827518890200497514e-01
-1.385086203058161214e-03 5.508966224367223274e-01
-1.567949220230562823e-01 1.919706927784165518e-01
-2.095567997630493617e-01 2.902943983675376760e-02
-2.056721845569493001e-01 5.310813558893756614e-02
-1.881961024560990792e-01 1.494243932662553398e-01
-1.727048228190395385e-01 2.489275035526055113e-01
-1.618404634150983901e-01 3.292869463201417712e-01
-1.548477984531411167e-01 3.879120040378090106e-01
-1.521640604311320644e-01 4.120656462358904815e-01
