1.481126201132388687e+00 -4.974432145546430206e-01
1.485540716788881888e+00 -5.371738554630827167e-01
1.496262491678201023e+00 -6.273625702341281141e-01
1.511422060019022240e+00 -7.397868078527025659e-01
1.531098747219358458e+00 -8.666992401627151565e-01
1.547589133991581711e+00 -9.599755521161723593e-01
1.525468005162797569e+00 -8.771570454809181072e-01
1.383342957009912055e+00 -4.229947635135951067e-01
1.082295651144993487e+00 2.934377588604610843e-01
7.290145305752240290e-01 8.334282746509300566e-01
4.401522537197820051e-01 1.000000000000000000e+00
2.353151034071556680e-01 9.174534011937457434e-01
1.022977578862592218e-01 7.339653089582071077e-01
2.198362659550245901e-02 5.434936618005790088e-01
-2.556404933903688725e-02 3.831463426385361970e-01
-5.349307698682387313e-02 2.612054957580260406e-01
-6.906628226442740326e-02 1.779910003817670727e-01
-7.661156653683420803e-02 1.305224794631607566e-01
-7.913416369190295896e-02 1.125385175067762367e-01
-7.885350821490144657e-02 1.153901986706931115e-01
-7.824707086699667080e-02 1.208481348018360935e-01
