1.600128253074206697e+00 -9.448230733130689174e-01
1.604318918489155088e+00 -9.825390620476053272e-01
1.614071694058687001e+00 -1.064751932018808134e+00
1.626541839547323676e+00 -1.157605060593848378e+00
1.639923296344186099e+00 -1.244801836709076071e+00
1.643571132042608074e+00 -1.269514436663994772e+00
1.597691744980672235e+00 -1.083171302651864565e+00
1.415228293994339914e+00 -4.927271483953190589e-01
1.073780276099955078e+00 3.295785370822343907e-01
7.385695446410722731e-01 8.668276367467184773e-01
5.384901568563084107e-01 1.000000000000000000e+00
4.300023309032411922e-01 9.584191985784151768e-01
3.562529002334180461e-01 8.525011386603537078e-01
2.981593684341617423e-01 7.103891725108231192e-01
2.529278334743512158e-01 5.553879352225989940e-01
2.208211793500510778e-01 4.141612970098909052e-01
2.006224606334676697e-01 3.057690064258979934e-01
1.897451616722752865e-01 2.370266106986269605e-01
1.853505044090622000e-01 2.053479545530390027e-01
1.850383162012065874e-01 2.034543159854349526e-01
1.856421832964474383e-01 2.088891198426026108e-01
