1.049834185509695317e+00 -1.354139557073636979e-01
1.050166237102512667e+00 -1.384024200427198537e-01
1.050865927683639622e+00 -1.443319962845528437e-01
1.051064156387556459e+00 -1.460872362002803015e-01
1.048116176630456753e+00 -1.282299473732892992e-01
1.034824249723544476e+00 -5.899174336602097668e-02
9.990188396205668120e-01 9.474325448009501827e-02
9.267242765539263072e-01 3.369189963487890793e-01
7.986563700570492585e-01 6.400573197404111347e-01
6.186850299272548259e-01 9.010940559692144358e-01
4.291936406692025141e-01 1.000000000000000000e+00
2.558604232699500658e-01 9.172522278280142993e-01
1.041294567208347344e-01 6.965380669017693371e-01
-6.850421361699221556e-03 4.325816270312971001e-01
-6.668440673050002321e-02 2.352423692614982187e-01
-8.964759400611199691e-02 1.382637345468348267e-01
-9.515703080131898695e-02 1.103329993878083837e-01
-9.471332310550439892e-02 1.138225044415019926e-01
-9.308096832670725851e-02 1.260540837930730351e-01
-9.181210877974410600e-02 1.366687238157503481e-01
-9.134834513277201307e-02 1.408425966384991845e-01
