1.253109870131474679e+00 1.969395665007098728e-01
1.253772987194798461e+00 1.909715129307958392e-01
1.255993553918225203e+00 1.725438620800581191e-01
1.260650628832398645e+00 1.383868880207401730e-01
1.269054040809918238e+00 8.486679090155302418e-02
1.280742966194736709e+00 2.111837725401155552e-02
1.284810141988876442e+00 -1.535464583916734682e-03
1.241315362376471221e+00 1.312668371205285567e-01
1.087819318450787387e+00 4.794357417170718172e-01
8.275371893093232956e-01 8.520370980390441495e-01
5.549899563159021998e-01 1.000000000000000000e+00
3.333719804714735946e-01 9.029663551880366956e-01
1.691890101566282389e-01 6.716340593703092887e-01
6.566190116452302883e-02 4.282020578968757651e-01
1.233880822243044184e-02 2.512874696177285205e-01
-1.289255829048407964e-02 1.420759465060253968e-01
-2.616047228110418565e-02 7.075451962234979852e-02
-3.472318558759068807e-02 1.579738340751934977e-02
-4.102732785087176426e-02 -3.105489832281782547e-02
-4.578793840294009820e-02 -7.117710740406318903e-02
-4.782526306763879020e-02 -8.951302938635141704e-02
