1.575459180873327369e+00 -1.442556175481101377e+00
1.579495681730264778e+00 -1.478884683193538052e+00
1.586875622392533991e+00 -1.541960709348629166e+00
1.590967787143721779e+00 -1.573949302412275486e+00
1.585194549304742573e+00 -1.540058600324256233e+00
1.553947110409853671e+00 -1.377299443064976536e+00
1.464882277739978367e+00 -9.963146362754216057e-01
1.269903832699249335e+00 -3.470399445934129190e-01
9.642690393926707237e-01 3.948687305006517434e-01
6.617034046429965954e-01 8.724300700759970439e-01
4.765015392313951548e-01 1.000000000000000000e+00
4.030226142795901301e-01 9.841530105357934044e-01
3.930341467191685867e-01 9.800230648791569132e-01
4.136763271361273975e-01 1.036091084226248293e+00
4.435399493203319166e-01 1.140761914449892611e+00
4.698076748088635402e-01 1.257020578221519802e+00
4.876766414337645461e-01 1.353046616153425141e+00
4.975757688292217207e-01 1.415659303114225054e+00
5.018330491553424366e-01 1.446499623135133916e+00
5.027049427403618154e-01 1.453307307662244696e+00
5.025374785873175654e-01 1.451800130284846446e+00
