2.303795951274910436e+00 -8.640925932076299887e-01
2.308317225398257122e+00 -9.047840603177483843e-01
2.318693803530566200e+00 -9.923179594995694686e-01
2.332639976934216541e+00 -1.095796477334083363e+00
2.352624154174986160e+00 -1.223792410173389911e+00
2.381898688013612819e+00 -1.382058387212605766e+00
2.418524133482126359e+00 -1.545941395079204028e+00
2.418541339023907000e+00 -1.565237231180514499e+00
2.027037153107713596e+00 -7.630018454139393391e-01
1.145536230400743927e+00 4.907762492750353811e-01
5.207099410410441775e-01 1.000000000000000000e+00
3.659819969314466737e-01 9.608745945251375709e-01
3.098220089664810439e-01 8.876800240700687405e-01
2.830306800738404127e-01 8.243406198822500475e-01
2.648695763493338351e-01 7.614529513867611676e-01
2.479544576556351743e-01 6.852817152402370660e-01
2.312443285438721130e-01 5.935317019413881567e-01
2.159160772144219642e-01 4.944333103752707181e-01
2.031462977322306962e-01 3.994039581071571199e-01
1.933490741601933127e-01 3.168698418515953907e-01
1.891927464809306514e-01 2.794628927382314387e-01
