1.044507958346480692e+00 1.971789532181755789e-01
1.042804230246336950e+00 2.125125061194701459e-01
1.039393077035825286e+00 2.415054599037063099e-01
1.035912833542476097e+00 2.675745894675181091e-01
1.032031410861070420e+00 2.926359439389338846e-01
1.027426872733008256e+00 3.177672388776695556e-01
1.022816410589698410e+00 3.387050212805462479e-01
1.000344379585418775e+00 4.082356426070572475e-01
8.945347494869861915e-01 6.402124054945299569e-01
7.146409522342511700e-01 9.055583301550900188e-01
5.673290155018801961e-01 1.000000000000000000e+00
4.867583154081095431e-01 9.722995667936903397e-01
4.435509362949969780e-01 9.135852417737748699e-01
4.211593658471985968e-01 8.619174763371826309e-01
4.139720226854362028e-01 8.400527282311285315e-01
4.168855883783292304e-01 8.549232753163606979e-01
4.239613055272366537e-01 8.941612938961451817e-01
4.307511968889601306e-01 9.378311005929620414e-01
4.352736338815126338e-01 9.710801380069060684e-01
4.372896701960664601e-01 9.876324863718140001e-01
4.377137280445437817e-01 9.914490070081098949e-01
