1.364167431045066436e+00 -4.043733304490082503e-01
1.369492285915166363e+00 -4.522970242799075891e-01
1.381646945955452566e+00 -5.548591594722971365e-01
1.396025636509487633e+00 -6.623397985207279959e-01
1.408318084983305241e+00 -7.436433747474833211e-01
1.405058881945763005e+00 -7.320909226497409605e-01
1.356633044268628296e+00 -5.303848058136910737e-01
1.224110099695212783e+00 -9.239290054382109929e-02
9.977519029060754052e-01 4.524233660582457350e-01
7.239635859351982727e-01 8.604700067944683894e-01
4.704522747797620363e-01 1.000000000000000000e+00
2.795967853097289235e-01 9.231258284798715685e-01
1.579972620222914181e-01 7.568009534251249892e-01
8.894121610820060475e-02 5.943581674501615675e-01
5.095282660691913268e-02 4.667353035918174742e-01
2.876535184843193038e-02 3.694556251538811398e-01
1.419924703159747281e-02 2.905887756568619196e-01
3.466360606627916230e-03 2.214948960949219559e-01
-5.085051424876307902e-03 1.577801608550107870e-01
-1.217669343116439817e-02 9.781023381779957449e-02
-1.541348441807088854e-02 6.867911493564116121e-02
