1.322142386937871450e+00 -3.255860153375476074e-01
1.325324012970122922e+00 -3.542206496278108574e-01
1.331736957831669343e+00 -4.087058345524337000e-01
1.337264177368988172e+00 -4.506276901429604465e-01
1.338624487857798862e+00 -4.610854537838484646e-01
1.328255541145022534e+00 -4.083051300007536355e-01
1.289108182534639324e+00 -2.422823390656576592e-01
1.190277390639820077e+00 8.392403873562015448e-02
1.008039313763101408e+00 5.175169822670566688e-01
7.667978048966297422e-01 8.718797782322478263e-01
5.225414950906213107e-01 1.000000000000000000e+00
3.143071256077962783e-01 9.079017185554313363e-01
1.581811856319468856e-01 6.877481200483012147e-01
5.348351156214958824e-02 4.376827563701900514e-01
-1.217082837630462100e-02 2.157354121548897830e-01
-5.251149817729727776e-02 3.901638754986413993e-02
-7.742332790718348123e-02 -9.509824542839806494e-02
-9.299008045269241407e-02 -1.945100289181294073e-01
-1.027871477943351208e-01 -2.668752994345933161e-01
-1.089195698659227718e-01 -3.182812989539172133e-01
-1.112661928125454613e-01 -3.394009054735214193e-01
