1.048088583904576154e+00 8.356896736199281861e-02
1.051330345160660151e+00 5.439311605723595733e-02
1.058474044252800006e+00 -5.998237935965988754e-03
1.066744316206311716e+00 -6.779207944660381457e-02
1.074701704879934105e+00 -1.199047456057940053e-01
1.075349310610887343e+00 -1.267318288167267326e-01
1.046128071859750541e+00 -6.905424986966224310e-03
9.564684487736601071e-01 2.883532341972285806e-01
8.103218523147104335e-01 6.440262602752948595e-01
6.323349824523578633e-01 9.047798934364301715e-01
4.377318080118178800e-01 1.000000000000000000e+00
2.599461666568895768e-01 9.215974265220419070e-01
1.334625118431013169e-01 7.470326903724234802e-01
6.011428194619705678e-02 5.750690820175408113e-01
2.187758630008473926e-02 4.473894479941656899e-01
1.233122408709652618e-03 3.571366756223284256e-01
-1.205119391671255480e-02 2.851056944761320988e-01
-2.233590397701856745e-02 2.187221235730753000e-01
-3.107565106515441933e-02 1.534794574092092079e-01
-3.868525277054485345e-02 8.905747860761042967e-02
-4.223041792902015867e-02 5.715099218133268266e-02
