1.476085112311501746e+00 -1.356416470040588962e+00
1.478544721055052413e+00 -1.378552948732544081e+00
1.482882908640534403e+00 -1.415718058159951553e+00
1.484936581421109292e+00 -1.431972346465906654e+00
1.480728143850993384e+00 -1.406896814983855215e+00
1.458925473710543042e+00 -1.293499932772844474e+00
1.384185533312130012e+00 -9.771210325475010450e-01
1.184832629445939922e+00 -3.217415191822086129e-01
8.720866291475588561e-01 4.457825835140214465e-01
5.949779209045695794e-01 8.936051899559238620e-01
4.291712977891778413e-01 1.000000000000000000e+00
3.345678771395564910e-01 9.648083924216942497e-01
2.826508148306675627e-01 8.961658753822221435e-01
2.617203877282969771e-01 8.501000488056935644e-01
2.565627321204571043e-01 8.336743987461214811e-01
2.526553214887924392e-01 8.150900288238505098e-01
2.444285625509332593e-01 7.686842025923077415e-01
2.329317633895688910e-01 6.934786400050041433e-01
2.206796341827179653e-01 6.016863739693141255e-01
2.094031389904833507e-01 5.062252788269361314e-01
2.041540053859822734e-01 4.589830763864264362e-01
