1.260622079926497108e+00 -3.153429564304488508e-02
1.263877596054233443e+00 -6.083394079267101517e-02
1.272137901414377659e+00 -1.301718998015619633e-01
1.284553334413827130e+00 -2.220847200301161450e-01
1.301353588705967290e+00 -3.302968895499986957e-01
1.315875136299698767e+00 -4.122942380437546461e-01
1.298768483726510548e+00 -3.489995648196346778e-01
1.191801772556942751e+00 -5.860841669110161689e-03
9.753177609321583841e-01 5.118353031082052418e-01
7.312354124862610050e-01 8.876735416511403187e-01
5.547289128204389019e-01 1.000000000000000000e+00
4.672370580029850395e-01 9.766881864995085039e-01
4.457571273190584771e-01 9.570401386321468751e-01
4.587607403492110492e-01 9.942190949060396576e-01
4.796823267931354939e-01 1.066733710468149798e+00
4.939790815892477482e-01 1.128467628218374319e+00
4.985358838393951775e-01 1.151261543153483391e+00
4.959332441978132611e-01 1.133033161978038272e+00
4.896515711352256162e-01 1.085392320803290733e+00
4.821673412069669151e-01 1.021703381185596449e+00
4.783522410153420168e-01 9.873674794609721417e-01
