1.290537925903361582e+00 -8.442866984293093680e-01
1.292323687838993429e+00 -8.603585558499968755e-01
1.294755285184396421e+00 -8.815970965488517663e-01
1.293062218439659627e+00 -8.703914647454649156e-01
1.281509194913248884e+00 -7.987344214324929581e-01
1.248653963009355383e+00 -6.252441405411222064e-01
1.175513846587149303e+00 -3.090425643203076334e-01
1.043705748014360779e+00 1.358807372882733233e-01
8.580858873117331864e-01 5.894295513761016458e-01
6.528006629997840093e-01 8.980255437081052783e-01
4.647969751168111729e-01 1.000000000000000000e+00
3.148107072200370116e-01 9.360429636943039533e-01
2.079604771278297237e-01 7.862995398155854243e-01
1.375130316715056922e-01 6.178503972331246263e-01
9.188156256428642310e-02 4.628787724740602849e-01
6.138598170107850693e-02 3.284780855954271828e-01
4.020245908426817172e-02 2.137953133203666090e-01
2.528900446807336166e-02 1.181662901980118363e-01
1.494627411294380259e-02 4.157274278216127605e-02
7.976787345321811884e-03 -1.695820319649299357e-02
5.201735507643467926e-03 -4.193366973559808919e-02
