1.203694207264183191e+00 -3.586807189331615575e-01
1.203306875948071841e+00 -3.551947370881602950e-01
1.202216980705501648e+00 -3.460882438314865084e-01
1.200185113501452072e+00 -3.311626094766815243e-01
1.195963269791098238e+00 -3.045022439369668987e-01
1.185430008168035787e+00 -2.489433953888910978e-01
1.155430153856236597e+00 -1.213032569513954328e-01
1.075664225294587162e+00 1.403536618550527137e-01
9.131134094669199897e-01 5.228620889505366520e-01
6.745444539421883157e-01 8.665750648627859043e-01
4.106686878207345681e-01 1.000000000000000000e+00
1.805843868396440066e-01 9.003665300031491459e-01
2.150148045356853332e-02 6.818341872278490534e-01
-6.935446439425302367e-02 4.687157890736089461e-01
-1.174511647632122124e-01 3.077354960563691844e-01
-1.436646820409633873e-01 1.933581015779755052e-01
-1.592665186646858300e-01 1.092704072030298290e-01
-1.697558474190797861e-01 4.192361717860548787e-02
-1.777088237031374529e-01 -1.728937559579524219e-02
-1.842575752298831748e-01 -7.268598055050956575e-02
-1.872641679706317230e-01 -9.974531521724649963e-02
