1.275632655295453333e+00 -2.695580281825957769e-01
1.277690645704898209e+00 -2.880799418675987766e-01
1.282683209237570843e+00 -3.300784405384256104e-01
1.289621961387426019e+00 -3.815842787106404899e-01
1.297813378454363065e+00 -4.347369601388892946e-01
1.301214799804574440e+00 -4.559313049302557985e-01
1.278257128831773004e+00 -3.633148043489518031e-01
1.183184564348505941e+00 -5.592525661644742740e-02
9.777388676196749895e-01 4.278668470417783531e-01
6.916722911405641661e-01 8.464784100491562491e-01
4.001359239115409583e-01 1.000000000000000000e+00
1.585059908277771101e-01 8.963848441944155532e-01
-5.797794327157601568e-03 6.713924296901305766e-01
-9.400333752582423763e-02 4.674644294434809888e-01
-1.313821369426667052e-01 3.454661456254274343e-01
-1.438193842295940050e-01 2.931417947583170314e-01
-1.467063588631993820e-01 2.783953086760859730e-01
-1.470601942468084955e-01 2.762300739050265186e-01
-1.474455148135913607e-01 2.731897318401683705e-01
-1.484345011842055362e-01 2.646319526020186608e-01
-1.490803894574417310e-01 2.588189581428930186e-01
