1.379584861024488518e+00 -1.112627217278703284e+00
1.381965515151521551e+00 -1.134053104421999691e+00
1.385341303004180347e+00 -1.163440061370303980e+00
1.383430319622759530e+00 -1.151058311425984471e+00
1.368535357328696911e+00 -1.058782420554561732e+00
1.326338539418050022e+00 -8.358094858143108041e-01
1.236052695577465110e+00 -4.444581377283407519e-01
1.081862584984861320e+00 7.819006516642490467e-02
8.776294042920731453e-01 5.807686660276507595e-01
6.680137373058985251e-01 9.005052742309638258e-01
4.855816807906224719e-01 1.000000000000000000e+00
3.328073671469534145e-01 9.301630171025707661e-01
2.072560129799039808e-01 7.488972916659011325e-01
1.086805428014720465e-01 5.088852524002256406e-01
3.126579468161044817e-02 2.420873588295908707e-01
-3.236158378673970049e-02 -4.149588430110995319e-02
-8.505083120147216569e-02 -3.285576395322045151e-01
-1.262381156487898948e-01 -5.932531125059963273e-01
-1.557150043498737868e-01 -8.114964558247820259e-01
-1.750758798567452756e-01 -9.738392129754270821e-01
-1.825316329524183656e-01 -1.040940990836484836e+00
