1.323364384339079436e+00 -7.294201453757995779e-01
1.325227256471356085e+00 -7.461859945662894233e-01
1.328668147548435208e+00 -7.755759953151990516e-01
1.330462158885136859e+00 -7.897120936169130800e-01
1.326752911585232120e+00 -7.676726022093838253e-01
1.308172061825706667e+00 -6.708431137199521999e-01
1.254882464210674620e+00 -4.430291131921029191e-01
1.133536096751781130e+00 -4.035602326811194018e-02
9.192837226535017781e-01 4.708611048400297427e-01
6.547142750735166494e-01 8.669705466067112454e-01
4.266787042750229131e-01 1.000000000000000000e+00
2.722015303791331942e-01 9.405289435093152628e-01
1.776160803700606028e-01 8.108290999818548173e-01
1.236681586261427768e-01 6.840997282684891934e-01
9.635949577837438218e-02 5.936986051029455869e-01
8.533027429765549510e-02 5.470276323215895742e-01
8.315149367097063315e-02 5.365090354199608669e-01
8.505618120467839383e-02 5.494665419241195892e-01
8.834077880101487423e-02 5.742139413928992742e-01
9.165884734788898314e-02 6.023213420203419322e-01
9.322169960033876990e-02 6.163870122923900130e-01
