1.035709291436656798e+00 -2.162987873036961162e-01
1.038661932415749334e+00 -2.428725561155289370e-01
1.045237698256362258e+00 -2.984313238195248630e-01
1.052189138103217569e+00 -3.507145276090319896e-01
1.054997377729690378e+00 -3.708922803532042067e-01
1.041023672693972557e+00 -3.005036798157529887e-01
9.863709462422760588e-01 -6.843914433211129023e-02
8.705702232128782470e-01 3.201621215309229385e-01
7.126398165920553307e-01 7.106245610271257895e-01
5.679520971056182255e-01 9.386410608798287925e-01
4.697767657953821341e-01 1.000000000000000000e+00
4.089258203214843901e-01 9.759654467161671398e-01
3.650610852799556771e-01 9.122705299169425741e-01
3.262013674668629015e-01 8.155215582353601000e-01
2.879098145550682553e-01 6.813848826435784378e-01
2.489871764113388286e-01 5.060337087813291390e-01
2.099598744911135295e-01 2.915305185473089367e-01
1.729794581510994966e-01 5.203428480010430235e-02
1.409704100724202824e-01 -1.864243641222089742e-01
1.160959413667057571e-01 -3.958992701020809246e-01
1.056167850325500090e-01 -4.902116771094826575e-01
