1.141228120213714448e+00 -7.895339414852386994e-02
1.143836562405322610e+00 -1.024293738729973313e-01
1.149983043831635410e+00 -1.542096674751078922e-01
1.158270243516171583e+00 -2.157581045015666277e-01
1.168744189266111011e+00 -2.833509394510338453e-01
1.176777187003716918e+00 -3.292407134391712731e-01
1.156453326211151822e+00 -2.502534827064089029e-01
1.047579060971578713e+00 9.900138624237353469e-02
8.413837693453143363e-01 5.976341615044122868e-01
6.402008500975204797e-01 9.187701803689605207e-01
5.098331139165609427e-01 1.000000000000000000e+00
4.230311793222349959e-01 9.623359819555941108e-01
3.554880770744884844e-01 8.649137955045069770e-01
3.044221792014178973e-01 7.415951860886358382e-01
2.699352818433136125e-01 6.248344103259486637e-01
2.490550984265698098e-01 5.337335769306039701e-01
2.375073924667823189e-01 4.720274409002485072e-01
2.316733735069460565e-01 4.351569144128126787e-01
2.290797595620026605e-01 4.162744155816837655e-01
2.281792772497381883e-01 4.088972759878286567e-01
2.280059961539988578e-01 4.073377461261746824e-01
