1.349759266526399770e+00 -4.079397991994042627e-01
1.355579212448207116e+00 -4.603193124956703741e-01
1.368714269301871234e+00 -5.712197132467906613e-01
1.384712696353465944e+00 -6.905238135398104049e-01
1.401874241218703077e+00 -8.021763988509711396e-01
1.411242774402102107e+00 -8.574972935134654861e-01
1.380421973042084138e+00 -7.351043925112934474e-01
1.239379609814984295e+00 -2.802661970320761142e-01
9.569815810956289193e-01 3.938611178358166764e-01
6.539121400135372575e-01 8.699973302080816762e-01
4.725916742503314394e-01 1.000000000000000000e+00
4.183568170627458005e-01 9.970829387837019109e-01
4.333233232912679922e-01 1.029933012457044494e+00
4.698196571631798046e-01 1.121538446627959429e+00
4.979866880152404862e-01 1.215593803609110735e+00
5.083947466860868625e-01 1.258079832538373299e+00
5.053637432064412849e-01 1.239040017414622774e+00
4.960144441588314468e-01 1.177479721806876878e+00
4.851166789973089255e-01 1.095762101836783575e+00
4.748826765065368161e-01 1.009089343259270244e+00
4.700819378552001382e-01 9.658826953972399210e-01
