9.836714010253739815e-01 1.005144497854111307e-01
9.817193662025793799e-01 1.180827631905625452e-01
9.773700801547056116e-01 1.548290863963472930e-01
9.721525636342862597e-01 1.937489532643619228e-01
9.662254893335591177e-01 2.321316643640649602e-01
9.594775359101510581e-01 2.689782404864917709e-01
9.475901452062984731e-01 3.201689477199236578e-01
9.106958064644694595e-01 4.390982102312421809e-01
8.121613879830393845e-01 6.648151396500998622e-01
6.445689578080893156e-01 9.022938958504824747e-01
4.727375337433717961e-01 1.000000000000000000e+00
3.809693130954962537e-01 9.823570992673245073e-01
3.899829621092665288e-01 1.018027298027540439e+00
4.516313966592765961e-01 1.176316051931124873e+00
5.067191114262047380e-01 1.361675026195273253e+00
5.317110416248870264e-01 1.466538847225320907e+00
5.338820529682686278e-01 1.474668815050292014e+00
5.262215115854789182e-01 1.423770114262700837e+00
5.164681686546537254e-01 1.350678823306952214e+00
5.076111426250438097e-01 1.275783479480435467e+00
5.035720070354061662e-01 1.239431259173696454e+00
