1.233680354992872097e+00 -4.836026266584649846e-01
1.234972616309217841e+00 -4.952329785055766820e-01
1.237782990666496552e+00 -5.190082346801521140e-01
1.240057740570040146e+00 -5.364495970458893481e-01
1.237653073094163503e+00 -5.227782290532410059e-01
1.219431516164643625e+00 -4.285091400671543482e-01
1.163285891262082261e+00 -1.888663878658762840e-01
1.045563409158167811e+00 2.053864307573958214e-01
8.723799380128509640e-01 6.283904828404152099e-01
6.865751794330585689e-01 9.107416027731387587e-01
5.218916352272893189e-01 1.000000000000000000e+00
3.777121862185566226e-01 9.312456979701754234e-01
2.434794814768778681e-01 7.315345905166424911e-01
1.207187712841901739e-01 4.287308626504335862e-01
2.162840431575274724e-02 8.965170225751739608e-02
-4.498889330533695219e-02 -2.016267263603271909e-01
-8.179110694970892492e-02 -3.976307700930732381e-01
-9.822406157245744396e-02 -5.006684769414266878e-01
-1.033228426103926512e-01 -5.370187461330460099e-01
-1.029851718503407842e-01 -5.333209073665062805e-01
-1.019886991642160456e-01 -5.243526531913836886e-01
