9.649981963693896603e-01 -1.937136312983511743e-02
9.633364061417539759e-01 -4.415251081113069631e-03
9.595110426647734947e-01 2.784944696236557604e-02
9.544063387721233305e-01 6.574594746026196646e-02
9.470428052514914263e-01 1.128682792273583146e-01
9.346995056696794091e-01 1.790071800137447156e-01
9.098753589064656477e-01 2.862246637710854635e-01
8.560873115223948115e-01 4.644920559820264749e-01
7.532966070949154158e-01 7.069582621623275998e-01
6.067757381760792157e-01 9.193850381833006402e-01
4.631837753754780573e-01 1.000000000000000000e+00
3.662127276745431037e-01 9.660059532829667894e-01
3.177178068361610208e-01 9.030101583232358342e-01
2.982381597983733701e-01 8.590720913312217544e-01
2.922167273152217470e-01 8.399651343150540406e-01
2.913936193757663551e-01 8.368922541844900920e-01
2.919931667165462930e-01 8.402699866019121000e-01
2.925782534178767991e-01 8.439855977977033241e-01
2.927838153767430285e-01 8.454250024808249719e-01
2.926347363891703690e-01 8.440828206216131058e-01
2.924851864305395566e-01 8.427368709939355718e-01
