1.402806379563280359e+00 -6.832879685455246488e-01
1.408693941928577331e+00 -7.362760298331973985e-01
1.421261028317957198e+00 -8.427002833135333049e-01
1.433987159912143206e+00 -9.384627284969191408e-01
1.440978925846109426e+00 -9.864599316708186905e-01
1.426164835167460954e+00 -9.133346366414389905e-01
1.355591039351754290e+00 -6.152802043361011997e-01
1.190792724264926772e+00 -6.607071230242356208e-02
9.483486181259721537e-01 5.288012682891181093e-01
7.127492522705312084e-01 8.968609719698812377e-01
5.477841900455938662e-01 1.000000000000000000e+00
4.604561584873949620e-01 9.744980026366196757e-01
4.404809295361772348e-01 9.600495420975645455e-01
4.675824790583671398e-01 1.035827422251971663e+00
5.080321609621214485e-01 1.176051368756961590e+00
5.357731510097170080e-01 1.295881418201212387e+00
5.458911948210496412e-01 1.347723591815339628e+00
5.446694262414288890e-01 1.337919257200530510e+00
5.383988397362955425e-01 1.290228288296548342e+00
5.306071469727977608e-01 1.223899916793117271e+00
5.266123175773484988e-01 1.187946452234073469e+00
