1.132031737451711706e+00 -4.771909702683831966e-01
1.133421713793221208e+00 -4.897007573419696058e-01
1.135659346026654859e+00 -5.089917915509474255e-01
1.135272385454351607e+00 -5.071307234367488093e-01
1.127044832375103667e+00 -4.565307884970337682e-01
1.099643469987273026e+00 -3.125310399428595787e-01
1.033791395369676014e+00 -2.871431569966187425e-02
9.146234335919642966e-01 3.742332184782601878e-01
7.653060732850465175e-01 7.465922520250205530e-01
6.386021992975567940e-01 9.488891733865032485e-01
5.534294854891320670e-01 1.000000000000000000e+00
4.921501484345666699e-01 9.727825501403626340e-01
4.427365335499429122e-01 9.011727702307524845e-01
4.038854769279016099e-01 8.068157653896148584e-01
3.762070955079946932e-01 7.127571313070422132e-01
3.587967699339510430e-01 6.367289932596760238e-01
3.491364449696321426e-01 5.851538792249542098e-01
3.443401368121132844e-01 5.548532113354491813e-01
3.421141752768599442e-01 5.385683379978143392e-01
3.409931857051560211e-01 5.291825744433409362e-01
3.405753387243137809e-01 5.254219516157605518e-01
