1.104701846705964385e+00 -6.143282322994991773e-03
1.105076996060144978e+00 -9.519626510620327053e-03
1.106737536981114989e+00 -2.317910323256100469e-02
1.110364995718216008e+00 -4.985670595905755675e-02
1.115013048891004388e+00 -8.008709216609943837e-02
1.114591148217928041e+00 -8.028357480319403550e-02
1.091935153679945314e+00 1.306829002428955278e-02
1.019047294878560495e+00 2.516599742908733894e-01
8.745565836083710742e-01 5.936011477702076711e-01
6.713571574934749098e-01 8.883315342163380368e-01
4.576542783977103346e-01 1.000000000000000000e+00
2.778901193876813225e-01 9.222702543020735444e-01
1.493153329994880152e-01 7.428504272236133854e-01
7.106830664186170043e-02 5.589543888410013484e-01
3.261543549862994107e-02 4.325448899354337184e-01
1.979603511815047900e-02 3.794987735089087599e-01
2.053674534540506080e-02 3.857115497770433610e-01
2.692610096812181331e-02 4.279278140041989364e-01
3.460445880944784669e-02 4.854745462439521431e-01
4.152044195697912610e-02 5.439201672212626848e-01
4.463819775403943257e-02 5.719799693948054431e-01
