1.438473992154200687e+00 -8.317132504526600911e-01
1.440520144992702534e+00 -8.501286259991776006e-01
1.444833731857086079e+00 -8.866834737527469201e-01
1.448882188306951591e+00 -9.172901029276872009e-01
1.449087143189888849e+00 -9.203008546492945641e-01
1.433843857768419383e+00 -8.425083600009006801e-01
1.374485147656508754e+00 -5.914063016728352551e-01
1.228409198333094920e+00 -1.074869614711060350e-01
9.912256562107477631e-01 4.672645798655143956e-01
7.248579461435049609e-01 8.704313749631782393e-01
4.709015329005951100e-01 1.000000000000000000e+00
2.294929381860242312e-01 8.829791934915172114e-01
3.385509128798325218e-02 6.087243062039180419e-01
-7.994670675440690433e-02 3.459359524663057628e-01
-1.251766210339375629e-01 2.002010530010150946e-01
-1.351113529277275793e-01 1.605725501587637050e-01
-1.319742215009753750e-01 1.792849139863682550e-01
-1.258127637623605577e-01 2.193884114628283921e-01
-1.202853625705472274e-01 2.604728699525638014e-01
-1.163283368919398875e-01 2.936934509129878190e-01
-1.147639613603745889e-01 3.077728306970755057e-01
