1.541496630435768012e+00 -7.510624519414648148e-01
1.545872472719975299e+00 -7.904450324993295141e-01
1.555935224429295438e+00 -8.753228884580988023e-01
1.568305844112869885e+00 -9.676041356682318906e-01
1.580683924874955348e+00 -1.048556330499206268e+00
1.583840092671140898e+00 -1.070031539983758329e+00
1.547500178727285514e+00 -9.221336815008989163e-01
1.397760736342451349e+00 -4.391136431099789128e-01
1.084462083914476516e+00 3.034213928943874095e-01
7.361727803616702204e-01 8.490716177267514375e-01
5.225635425646139032e-01 1.000000000000000000e+00
4.494183473268499873e-01 9.895356602860438944e-01
4.556687438606537022e-01 1.012500793067607319e+00
4.994981613875764670e-01 1.127274309400615904e+00
5.496344682926131986e-01 1.300704855741599886e+00
5.850444076999612442e-01 1.454732927152466271e+00
6.006798248741016533e-01 1.536157116415834523e+00
6.019705833233028880e-01 1.541945322167576737e+00
5.958727497177924715e-01 1.495118998266958599e+00
5.870499627488121597e-01 1.419855404208181682e+00
5.823686644418772929e-01 1.377723719445767436e+00
