1.615844545814629996e+00 -5.319437383048732926e-01
1.620104507742052391e+00 -5.702833956516748515e-01
1.630430107015280683e+00 -6.571481517649235826e-01
1.645216308464997113e+00 -7.667171992587444862e-01
1.665272575109848052e+00 -8.957753632317615455e-01
1.684058478455470631e+00 -1.001040582500814402e+00
1.664854778906532218e+00 -9.316759851097424772e-01
1.517715968324603981e+00 -4.636056530103376261e-01
1.197933309919689382e+00 2.964445740277996677e-01
8.461555969335892158e-01 8.475200351905067819e-01
6.266404276673225304e-01 1.000000000000000000e+00
5.363538513912320393e-01 9.767486281806830872e-01
5.041405685821913618e-01 9.355734343819186449e-01
4.887449512329118395e-01 8.983484933238037318e-01
4.748941304611815628e-01 8.493789165964384935e-01
4.588931853727404864e-01 7.767913055664075195e-01
4.413467457667343830e-01 6.800964986066375673e-01
4.238050177097536508e-01 5.662670111375120996e-01
4.074952442280777021e-01 4.443679424113455845e-01
3.930766427146388242e-01 3.223311831448301135e-01
3.863886955556345981e-01 2.621396587137923007e-01
