7.654708796618256983e-01 2.399187736567558460e-01
7.630431879365930925e-01 2.617679991838492981e-01
7.583252642811464383e-01 3.019390801526551371e-01
7.543228328738345034e-01 3.322463319340522858e-01
7.514720371934147103e-01 3.510633054936693753e-01
7.476883802642753096e-01 3.711201863426882852e-01
7.344447107810487818e-01 4.267399250014118905e-01
6.949940463756265618e-01 5.556905269750873622e-01
6.124667447679358334e-01 7.495971858384822273e-01
4.872653376871769471e-01 9.284738388789186558e-01
3.449459943778243054e-01 1.000000000000000000e+00
2.205282909588164308e-01 9.463754787692634229e-01
1.346101263641770740e-01 8.281636708107212863e-01
8.571820379101557918e-02 7.137815464551395817e-01
6.090077328528942235e-02 6.311101036414936694e-01
4.795929265747533865e-02 5.746218517988906926e-01
3.963688306802071182e-02 5.294097235935095735e-01
3.268707070300641560e-02 4.843611172965174849e-01
2.605780318393974282e-02 4.346767092508904140e-01
1.962901119282428608e-02 3.800971167430116648e-01
1.647975461386919083e-02 3.517538075324158076e-01
