-1.000000000000000000e+01 1.373761426798026042e+00
-9.000000000000000000e+00 1.353044077593179795e+00
-8.000000000000000000e+00 1.326132302699153831e+00
-7.000000000000000000e+00 1.290295148460314900e+00
-6.000000000000000000e+00 1.241222003103382043e+00
-5.000000000000000000e+00 1.172052909626345674e+00
-4.000000000000000000e+00 1.072669019617789932e+00
-3.000000000000000000e+00 9.333859219169102772e-01
-2.000000000000000000e+00 7.623112745522164779e-01
-1.000000000000000000e+00 5.968834337566985004e-01
0.000000000000000000e+00 4.636505476497128631e-01
1.000000000000000000e+00 3.631406833460645300e-01
2.000000000000000000e+00 2.923708655400544809e-01
3.000000000000000000e+00 2.475755530346165356e-01
4.000000000000000000e+00 2.226676830451192191e-01
5.000000000000000000e+00 2.110568806825254273e-01
6.000000000000000000e+00 2.073543138613070935e-01
7.000000000000000000e+00 2.078429090910926258e-01
8.000000000000000000e+00 2.102379582253182666e-01
9.000000000000000000e+00 2.132614572172161216e-01
1.000000000000000000e+01 2.162624283766932942e-01
