-1.000000000000000000e+01 1.258040172009505797e+00
-9.000000000000000000e+00 1.238609979413252793e+00
-8.000000000000000000e+00 1.214046814586435152e+00
-7.000000000000000000e+00 1.182222468159995321e+00
-6.000000000000000000e+00 1.139854651850657818e+00
-5.000000000000000000e+00 1.081968067115998799e+00
-4.000000000000000000e+00 1.001689821205748121e+00
-3.000000000000000000e+00 8.921081734464493262e-01
-2.000000000000000000e+00 7.541021070033607776e-01
-1.000000000000000000e+00 6.079141930189574383e-01
0.000000000000000000e+00 4.805484772571271268e-01
1.000000000000000000e+00 3.780790139787356674e-01
2.000000000000000000e+00 2.945270787948103264e-01
3.000000000000000000e+00 2.267757651935160546e-01
4.000000000000000000e+00 1.740600644298872512e-01
5.000000000000000000e+00 1.346463707893539308e-01
6.000000000000000000e+00 1.056823775012545735e-01
7.000000000000000000e+00 8.429304309587923316e-02
8.000000000000000000e+00 6.819640087330547384e-02
9.000000000000000000e+00 5.577500891552530926e-02
1.000000000000000000e+01 4.593601840922494767e-02
