-1.000000000000000000e+01 1.102656248429985997e+00
-9.000000000000000000e+00 1.093620925740437233e+00
-8.000000000000000000e+00 1.081929929547466473e+00
-7.000000000000000000e+00 1.066107478743771653e+00
-6.000000000000000000e+00 1.043416326088542068e+00
-5.000000000000000000e+00 1.008525432741524286e+00
-4.000000000000000000e+00 9.512536451606953269e-01
-3.000000000000000000e+00 8.559646247696968135e-01
-2.000000000000000000e+00 7.140904640068256315e-01
-1.000000000000000000e+00 5.523732475766026662e-01
0.000000000000000000e+00 4.192110279422238128e-01
1.000000000000000000e+00 3.300377599716189936e-01
2.000000000000000000e+00 2.737121737590729742e-01
3.000000000000000000e+00 2.380454895688482730e-01
4.000000000000000000e+00 2.150660470544303038e-01
5.000000000000000000e+00 1.999187462554117833e-01
6.000000000000000000e+00 1.896499644041496901e-01
7.000000000000000000e+00 1.824510047262553059e-01
8.000000000000000000e+00 1.772085534273104557e-01
9.000000000000000000e+00 1.732331630812993517e-01
1.000000000000000000e+01 1.700936389835434881e-01
