-1.000000000000000000e+01 9.843126404248734307e-01
-9.000000000000000000e+00 9.678994074218914001e-01
-8.000000000000000000e+00 9.470353720827864308e-01
-7.000000000000000000e+00 9.199679963919589198e-01
-6.000000000000000000e+00 8.842897009589313351e-01
-5.000000000000000000e+00 8.371372619987009767e-01
-4.000000000000000000e+00 7.766128164447605453e-01
-3.000000000000000000e+00 7.060345064180509889e-01
-2.000000000000000000e+00 6.386021992975566830e-01
-1.000000000000000000e+00 5.874913726840601536e-01
0.000000000000000000e+00 5.502231697148630696e-01
1.000000000000000000e+00 5.193675982942040914e-01
2.000000000000000000e+00 4.921501484345666699e-01
3.000000000000000000e+00 4.682802217980299719e-01
4.000000000000000000e+00 4.480178126812341399e-01
5.000000000000000000e+00 4.314509712820158716e-01
6.000000000000000000e+00 4.182774650988064224e-01
7.000000000000000000e+00 4.079325351927634014e-01
8.000000000000000000e+00 3.997931330271331518e-01
9.000000000000000000e+00 3.933062329892292874e-01
1.000000000000000000e+01 3.880331435627377146e-01
