-1.000000000000000000e+01 1.134843108108583021e+00
-9.000000000000000000e+00 1.118332529642780182e+00
-8.000000000000000000e+00 1.097383382180539879e+00
-7.000000000000000000e+00 1.070008637402332319e+00
-6.000000000000000000e+00 1.032843964798101810e+00
-5.000000000000000000e+00 9.800396559607811309e-01
-4.000000000000000000e+00 9.023433312358877245e-01
-3.000000000000000000e+00 7.914526097298926199e-01
-2.000000000000000000e+00 6.577168751610348307e-01
-1.000000000000000000e+00 5.334690360509631857e-01
0.000000000000000000e+00 4.372240340493800392e-01
1.000000000000000000e+00 3.681469441292481992e-01
2.000000000000000000e+00 3.208766863578894069e-01
3.000000000000000000e+00 2.900346097390119060e-01
4.000000000000000000e+00 2.706214162204226836e-01
5.000000000000000000e+00 2.584235619289665387e-01
6.000000000000000000e+00 2.503864316526144829e-01
7.000000000000000000e+00 2.445794461942601139e-01
8.000000000000000000e+00 2.399097136324649937e-01
9.000000000000000000e+00 2.358140837398942646e-01
1.000000000000000000e+01 2.320288506365180692e-01
