-1.000000000000000000e+01 8.810849213483656905e-01
-9.000000000000000000e+00 8.798167520913875439e-01
-8.000000000000000000e+00 8.779918689075496552e-01
-7.000000000000000000e+00 8.748714359486591263e-01
-6.000000000000000000e+00 8.686985999608500819e-01
-5.000000000000000000e+00 8.554208118517008241e-01
-4.000000000000000000e+00 8.266073613937453546e-01
-3.000000000000000000e+00 7.690703367354780884e-01
-2.000000000000000000e+00 6.745841797763549863e-01
-1.000000000000000000e+00 5.596480239511343324e-01
0.000000000000000000e+00 4.598540958071996032e-01
1.000000000000000000e+00 3.915070036304641454e-01
2.000000000000000000e+00 3.462040629594363428e-01
3.000000000000000000e+00 3.123907036595877096e-01
4.000000000000000000e+00 2.839737163361947259e-01
5.000000000000000000e+00 2.590611928516924345e-01
6.000000000000000000e+00 2.373678970082907236e-01
7.000000000000000000e+00 2.187899172820658156e-01
8.000000000000000000e+00 2.030438529942066861e-01
9.000000000000000000e+00 1.897266820873549920e-01
1.000000000000000000e+01 1.784229801103470459e-01
