-1.000000000000000000e+01 1.245705027739105297e+00
-9.000000000000000000e+00 1.221689058133252237e+00
-8.000000000000000000e+00 1.190558689625944133e+00
-7.000000000000000000e+00 1.149358380500621779e+00
-6.000000000000000000e+00 1.093610729266345061e+00
-5.000000000000000000e+00 1.016647379376612426e+00
-4.000000000000000000e+00 9.100510542596659258e-01
-3.000000000000000000e+00 7.716951417423374426e-01
-2.000000000000000000e+00 6.290208894566025055e-01
-1.000000000000000000e+00 5.287227714376495635e-01
0.000000000000000000e+00 4.749143431318076924e-01
1.000000000000000000e+00 4.448242487242049514e-01
2.000000000000000000e+00 4.232453297850289897e-01
3.000000000000000000e+00 4.054616512332273048e-01
4.000000000000000000e+00 3.916189978401253824e-01
5.000000000000000000e+00 3.820487644878152178e-01
6.000000000000000000e+00 3.760403771508612492e-01
7.000000000000000000e+00 3.724306360188668341e-01
8.000000000000000000e+00 3.701888953905059787e-01
9.000000000000000000e+00 3.686017481833543941e-01
1.000000000000000000e+01 3.672402764376475059e-01
