-1.000000000000000000e+01 1.004194437132258866e+00
-9.000000000000000000e+00 9.972136156175009924e-01
-8.000000000000000000e+00 9.887667631046737071e-01
-7.000000000000000000e+00 9.781530641370308476e-01
-6.000000000000000000e+00 9.640485755185840278e-01
-5.000000000000000000e+00 9.436466382729113977e-01
-4.000000000000000000e+00 9.103840827478426601e-01
-3.000000000000000000e+00 8.493479425894302492e-01
-2.000000000000000000e+00 7.397704264763895754e-01
-1.000000000000000000e+00 5.965890933262020246e-01
0.000000000000000000e+00 4.833204500067527776e-01
1.000000000000000000e+00 4.230334427420431864e-01
2.000000000000000000e+00 4.005778981507886471e-01
3.000000000000000000e+00 3.991408845675462613e-01
4.000000000000000000e+00 4.067615504819855898e-01
5.000000000000000000e+00 4.163301314575597600e-01
6.000000000000000000e+00 4.245971156216021836e-01
7.000000000000000000e+00 4.306270542672405166e-01
8.000000000000000000e+00 4.345278666139594237e-01
9.000000000000000000e+00 4.367385023503081443e-01
1.000000000000000000e+01 4.377213066653555251e-01
