-1.000000000000000000e+01 1.301147255995113383e+00
-9.000000000000000000e+00 1.283848482895972865e+00
-8.000000000000000000e+00 1.261023438964693710e+00
-7.000000000000000000e+00 1.229797596450799668e+00
-6.000000000000000000e+00 1.185447749171872012e+00
-5.000000000000000000e+00 1.120448817574714040e+00
-4.000000000000000000e+00 1.024593212528632336e+00
-3.000000000000000000e+00 8.924053696706804040e-01
-2.000000000000000000e+00 7.463326723596858114e-01
-1.000000000000000000e+00 6.354671123318783588e-01
0.000000000000000000e+00 5.697628175683184804e-01
1.000000000000000000e+00 5.208345688909044036e-01
2.000000000000000000e+00 4.712575410862558933e-01
3.000000000000000000e+00 4.214469831935351851e-01
4.000000000000000000e+00 3.769168246625238528e-01
5.000000000000000000e+00 3.403363768119763710e-01
6.000000000000000000e+00 3.113976182093245448e-01
7.000000000000000000e+00 2.886885128771131681e-01
8.000000000000000000e+00 2.707571717633762143e-01
9.000000000000000000e+00 2.564279963117883643e-01
1.000000000000000000e+01 2.448187067767089720e-01
