-1.000000000000000000e+01 1.355554391139639492e+00
-9.000000000000000000e+00 1.342219063087977116e+00
-8.000000000000000000e+00 1.324411073141757544e+00
-7.000000000000000000e+00 1.299690666667963290e+00
-6.000000000000000000e+00 1.263785323328834975e+00
-5.000000000000000000e+00 1.209181162258252229e+00
-4.000000000000000000e+00 1.123774412348590879e+00
-3.000000000000000000e+00 9.940814185714511586e-01
-2.000000000000000000e+00 8.236780551248916726e-01
-1.000000000000000000e+00 6.529604994929202322e-01
0.000000000000000000e+00 5.191394868344750835e-01
1.000000000000000000e+00 4.188634825693186570e-01
2.000000000000000000e+00 3.361187675149152621e-01
3.000000000000000000e+00 2.634246930815679066e-01
4.000000000000000000e+00 2.012006555607706859e-01
5.000000000000000000e+00 1.507877998441302103e-01
6.000000000000000000e+00 1.114137628335920560e-01
7.000000000000000000e+00 8.101453757332768846e-02
8.000000000000000000e+00 5.742693296811886977e-02
9.000000000000000000e+00 3.888410216162876964e-02
1.000000000000000000e+01 2.407275593633590588e-02
