-1.000000000000000000e+01 1.014880975172719690e+00
-9.000000000000000000e+00 1.007664509637501649e+00
-8.000000000000000000e+00 9.994292279892350583e-01
-7.000000000000000000e+00 9.898478497275197130e-01
-6.000000000000000000e+00 9.781471237260873641e-01
-5.000000000000000000e+00 9.620831093378846566e-01
-4.000000000000000000e+00 9.347531607430892286e-01
-3.000000000000000000e+00 8.790794755753947864e-01
-2.000000000000000000e+00 7.786731114847758040e-01
-1.000000000000000000e+00 6.505081875657703350e-01
0.000000000000000000e+00 5.193324118095593578e-01
1.000000000000000000e+00 3.898434960738847987e-01
2.000000000000000000e+00 2.641199057044175125e-01
3.000000000000000000e+00 1.525344617642117317e-01
4.000000000000000000e+00 6.519026876164786544e-02
5.000000000000000000e+00 2.800006542866595709e-03
6.000000000000000000e+00 -4.027806729360407234e-02
7.000000000000000000e+00 -7.032884301771298585e-02
8.000000000000000000e+00 -9.199238275294696621e-02
9.000000000000000000e+00 -1.082319247083950581e-01
1.000000000000000000e+01 -1.208569114860036098e-01
