-1.000000000000000000e+01 1.351920051336421791e+00
-9.000000000000000000e+00 1.333217473806890041e+00
-8.000000000000000000e+00 1.309674436996484337e+00
-7.000000000000000000e+00 1.279147902538348980e+00
-6.000000000000000000e+00 1.238013633369926980e+00
-5.000000000000000000e+00 1.179661371917472890e+00
-4.000000000000000000e+00 1.091271121552064072e+00
-3.000000000000000000e+00 9.502341747335726341e-01
-2.000000000000000000e+00 7.442596500793494663e-01
-1.000000000000000000e+00 5.381693108457288321e-01
0.000000000000000000e+00 3.855561454121318454e-01
1.000000000000000000e+00 2.636010073362941575e-01
2.000000000000000000e+00 1.621350772598476042e-01
3.000000000000000000e+00 8.437460733664020607e-02
4.000000000000000000e+00 2.960880401049046165e-02
5.000000000000000000e+00 -8.205238418813296658e-03
6.000000000000000000e+00 -3.544469783876552649e-02
7.000000000000000000e+00 -5.648043379209772424e-02
8.000000000000000000e+00 -7.376429085499253135e-02
9.000000000000000000e+00 -8.853184509907777167e-02
1.000000000000000000e+01 -1.013866710315269315e-01
