-1.000000000000000000e+01 1.103789659905908049e+00
-9.000000000000000000e+00 1.093535192848821946e+00
-8.000000000000000000e+00 1.080789883244992700e+00
-7.000000000000000000e+00 1.064312303394228332e+00
-6.000000000000000000e+00 1.041655423294222560e+00
-5.000000000000000000e+00 1.007364360692392768e+00
-4.000000000000000000e+00 9.484064832011785962e-01
-3.000000000000000000e+00 8.382192427538549540e-01
-2.000000000000000000e+00 6.673347907019073766e-01
-1.000000000000000000e+00 5.194341178115786661e-01
0.000000000000000000e+00 4.363160368424505720e-01
1.000000000000000000e+00 3.896590511520499067e-01
2.000000000000000000e+00 3.591978735950505652e-01
3.000000000000000000e+00 3.348158269405958065e-01
4.000000000000000000e+00 3.122218489777351391e-01
5.000000000000000000e+00 2.903742276571442127e-01
6.000000000000000000e+00 2.696345877165859384e-01
7.000000000000000000e+00 2.506151874292582571e-01
8.000000000000000000e+00 2.336826273757196537e-01
9.000000000000000000e+00 2.188951058077130418e-01
1.000000000000000000e+01 2.061067958037646197e-01
