-1.000000000000000000e+01 1.081606323058635910e+00
-9.000000000000000000e+00 1.069946356048415259e+00
-8.000000000000000000e+00 1.055377904752551110e+00
-7.000000000000000000e+00 1.036660991443134394e+00
-6.000000000000000000e+00 1.011655444034304185e+00
-5.000000000000000000e+00 9.764530793267467423e-01
-4.000000000000000000e+00 9.241730698370580477e-01
-3.000000000000000000e+00 8.459348930037691172e-01
-2.000000000000000000e+00 7.416273420262273763e-01
-1.000000000000000000e+00 6.342818044135026812e-01
0.000000000000000000e+00 5.488975099297516147e-01
1.000000000000000000e+00 4.881467799653567141e-01
2.000000000000000000e+00 4.454988817796741163e-01
3.000000000000000000e+00 4.155503643235741174e-01
4.000000000000000000e+00 3.948030223858841614e-01
5.000000000000000000e+00 3.808693713826560301e-01
6.000000000000000000e+00 3.719574689875574935e-01
7.000000000000000000e+00 3.666209817570572627e-01
8.000000000000000000e+00 3.636758167501583650e-01
9.000000000000000000e+00 3.622004601924664335e-01
1.000000000000000000e+01 3.615390872090379903e-01
