-1.000000000000000000e+01 1.326536039964889779e+00
-9.000000000000000000e+00 1.316231425135735211e+00
-8.000000000000000000e+00 1.302354883762940174e+00
-7.000000000000000000e+00 1.282571323442925237e+00
-6.000000000000000000e+00 1.252481544912878775e+00
-5.000000000000000000e+00 1.203740642359470092e+00
-4.000000000000000000e+00 1.121635029143398521e+00
-3.000000000000000000e+00 9.877352874247862236e-01
-2.000000000000000000e+00 8.080406189175914911e-01
-1.000000000000000000e+00 6.426899903795897373e-01
0.000000000000000000e+00 5.269381368777491526e-01
1.000000000000000000e+00 4.482342777246837162e-01
2.000000000000000000e+00 3.931804377696382913e-01
3.000000000000000000e+00 3.549133594430767258e-01
4.000000000000000000e+00 3.290585738955788542e-01
5.000000000000000000e+00 3.121176371734720179e-01
6.000000000000000000e+00 3.012544165698874399e-01
7.000000000000000000e+00 2.943172514859949684e-01
8.000000000000000000e+00 2.897965691552152334e-01
9.000000000000000000e+00 2.867048512956674178e-01
1.000000000000000000e+01 2.844317311657530434e-01
