-1.000000000000000000e+01 1.243800888130848215e+00
-9.000000000000000000e+00 1.226346433724298413e+00
-8.000000000000000000e+00 1.202909224295004353e+00
-7.000000000000000000e+00 1.170149706041982540e+00
-6.000000000000000000e+00 1.122487605643388564e+00
-5.000000000000000000e+00 1.051078623649143395e+00
-4.000000000000000000e+00 9.445729637575192017e-01
-3.000000000000000000e+00 7.993739156621609832e-01
-2.000000000000000000e+00 6.448299735107491104e-01
-1.000000000000000000e+00 5.272055223261961077e-01
0.000000000000000000e+00 4.557525247693200443e-01
1.000000000000000000e+00 4.192261809497137559e-01
2.000000000000000000e+00 4.054196841513284522e-01
3.000000000000000000e+00 4.042603789508971701e-01
4.000000000000000000e+00 4.086164011850693667e-01
5.000000000000000000e+00 4.140954126548068159e-01
6.000000000000000000e+00 4.184124815953181864e-01
7.000000000000000000e+00 4.207159862979314435e-01
8.000000000000000000e+00 4.209955909703395616e-01
9.000000000000000000e+00 4.196320354897120630e-01
1.000000000000000000e+01 4.171112807654709376e-01
