-1.000000000000000000e+01 1.061858903008647159e+00
-9.000000000000000000e+00 1.042417747767993008e+00
-8.000000000000000000e+00 1.017088144360687396e+00
-7.000000000000000000e+00 9.830736160990789507e-01
-6.000000000000000000e+00 9.358017845558888048e-01
-5.000000000000000000e+00 8.680136133684379640e-01
-4.000000000000000000e+00 7.707991065862868085e-01
-3.000000000000000000e+00 6.454327553855255806e-01
-2.000000000000000000e+00 5.234811982559531840e-01
-1.000000000000000000e+00 4.358311033290250824e-01
0.000000000000000000e+00 3.749098350896735710e-01
1.000000000000000000e+00 3.258681061234966481e-01
2.000000000000000000e+00 2.846450982872175128e-01
3.000000000000000000e+00 2.514435212520699792e-01
4.000000000000000000e+00 2.258631134936044393e-01
5.000000000000000000e+00 2.065904716674989983e-01
6.000000000000000000e+00 1.921033065957591102e-01
7.000000000000000000e+00 1.810781785908509578e-01
8.000000000000000000e+00 1.724986576796233018e-01
9.000000000000000000e+00 1.656316821912234560e-01
1.000000000000000000e+01 1.599669221426650856e-01
