-1.000000000000000000e+01 1.387034115651681443e+00
-9.000000000000000000e+00 1.372843223280048486e+00
-8.000000000000000000e+00 1.354031526127204899e+00
-7.000000000000000000e+00 1.328137212340792850e+00
-6.000000000000000000e+00 1.290730366573299870e+00
-5.000000000000000000e+00 1.233505387978213408e+00
-4.000000000000000000e+00 1.142115346453448144e+00
-3.000000000000000000e+00 1.002635106181022584e+00
-2.000000000000000000e+00 8.346943180426726894e-01
-1.000000000000000000e+00 6.948967243788576331e-01
0.000000000000000000e+00 5.996251900732044726e-01
1.000000000000000000e+00 5.257976596077835740e-01
2.000000000000000000e+00 4.507194877834739266e-01
3.000000000000000000e+00 3.695649229794205626e-01
4.000000000000000000e+00 2.931690220661478108e-01
5.000000000000000000e+00 2.309115114114922152e-01
6.000000000000000000e+00 1.839661012114009175e-01
7.000000000000000000e+00 1.494427861158347803e-01
8.000000000000000000e+00 1.240216017495344436e-01
9.000000000000000000e+00 1.050863573201913787e-01
1.000000000000000000e+01 9.078053797295257410e-02
