-1.000000000000000000e+01 1.191030089580272788e+00
-9.000000000000000000e+00 1.183905013267463335e+00
-8.000000000000000000e+00 1.174545464696994834e+00
-7.000000000000000000e+00 1.161252785456826420e+00
-6.000000000000000000e+00 1.140465227470526033e+00
-5.000000000000000000e+00 1.104895335399013412e+00
-4.000000000000000000e+00 1.041630646398384874e+00
-3.000000000000000000e+00 9.363841490554039027e-01
-2.000000000000000000e+00 7.955081152769934993e-01
-1.000000000000000000e+00 6.593311185008655650e-01
0.000000000000000000e+00 5.511871142662367884e-01
1.000000000000000000e+00 4.578027396097068547e-01
2.000000000000000000e+00 3.716878549030350753e-01
3.000000000000000000e+00 2.996718808911031373e-01
4.000000000000000000e+00 2.457463347505860762e-01
5.000000000000000000e+00 2.074716628702939492e-01
6.000000000000000000e+00 1.805570771652778572e-01
7.000000000000000000e+00 1.613767692228768869e-01
8.000000000000000000e+00 1.473840164402640263e-01
9.000000000000000000e+00 1.368922131303224599e-01
1.000000000000000000e+01 1.288005870725753010e-01
