-1.000000000000000000e+01 1.200907485869395996e+00
-9.000000000000000000e+00 1.183846275446639007e+00
-8.000000000000000000e+00 1.161807158436557241e+00
-7.000000000000000000e+00 1.132326621040202097e+00
-6.000000000000000000e+00 1.091386395271726428e+00
-5.000000000000000000e+00 1.032582200492055957e+00
-4.000000000000000000e+00 9.465008116968717244e-01
-3.000000000000000000e+00 8.233674337705118029e-01
-2.000000000000000000e+00 6.724383167439584863e-01
-1.000000000000000000e+00 5.388374712165718838e-01
0.000000000000000000e+00 4.387992646387582352e-01
1.000000000000000000e+00 3.568425158973229649e-01
2.000000000000000000e+00 2.877244945664662046e-01
3.000000000000000000e+00 2.324720140706626192e-01
4.000000000000000000e+00 1.906842185832074432e-01
5.000000000000000000e+00 1.601120195965474446e-01
6.000000000000000000e+00 1.380757004593710646e-01
7.000000000000000000e+00 1.222454035847763687e-01
8.000000000000000000e+00 1.108285026096990089e-01
9.000000000000000000e+00 1.025194340431247048e-01
1.000000000000000000e+01 9.639169431667371502e-02
