-1.000000000000000000e+01 1.230001406424873656e+00
-9.000000000000000000e+00 1.213161046443043123e+00
-8.000000000000000000e+00 1.191055296480828307e+00
-7.000000000000000000e+00 1.161158780993364781e+00
-6.000000000000000000e+00 1.119363294460123281e+00
-5.000000000000000000e+00 1.059045265774299471e+00
-4.000000000000000000e+00 9.709963128490216588e-01
-3.000000000000000000e+00 8.504100881046203764e-01
-2.000000000000000000e+00 7.160766158299746165e-01
-1.000000000000000000e+00 5.960047599755325942e-01
0.000000000000000000e+00 4.855613390105318339e-01
1.000000000000000000e+00 3.759831791728879824e-01
2.000000000000000000e+00 2.739075075800680437e-01
3.000000000000000000e+00 1.866445966739528062e-01
4.000000000000000000e+00 1.154669871079055943e-01
5.000000000000000000e+00 5.836268452639858245e-02
6.000000000000000000e+00 1.261456997750478454e-02
7.000000000000000000e+00 -2.421883088431976000e-02
8.000000000000000000e+00 -5.409381402763584895e-02
9.000000000000000000e+00 -7.852388510743296690e-02
1.000000000000000000e+01 -9.867163041787034572e-02
