-1.000000000000000000e+01 1.141957602637379443e+00
-9.000000000000000000e+00 1.130063182096819663e+00
-8.000000000000000000e+00 1.114334121750550244e+00
-7.000000000000000000e+00 1.092718834613414458e+00
-6.000000000000000000e+00 1.061671601137977428e+00
-5.000000000000000000e+00 1.014984830616709965e+00
-4.000000000000000000e+00 9.424995971023165664e-01
-3.000000000000000000e+00 8.327848754928295349e-01
-2.000000000000000000e+00 6.911098758555502819e-01
-1.000000000000000000e+00 5.545783632233418636e-01
0.000000000000000000e+00 4.511647776485278039e-01
1.000000000000000000e+00 3.773872441498280494e-01
2.000000000000000000e+00 3.202427055515280063e-01
3.000000000000000000e+00 2.707288631105248533e-01
4.000000000000000000e+00 2.262562650826318300e-01
5.000000000000000000e+00 1.874136033472127705e-01
6.000000000000000000e+00 1.547168976063852397e-01
7.000000000000000000e+00 1.278089644273574799e-01
8.000000000000000000e+00 1.058502038026101072e-01
9.000000000000000000e+00 8.792208353806967025e-02
1.000000000000000000e+01 7.320975885292117791e-02
