-1.000000000000000000e+01 8.852993514354072779e-01
-9.000000000000000000e+00 8.806763595573241510e-01
-8.000000000000000000e+00 8.744868831532146558e-01
-7.000000000000000000e+00 8.656417724251093126e-01
-6.000000000000000000e+00 8.521407277929378132e-01
-5.000000000000000000e+00 8.304316021375655055e-01
-4.000000000000000000e+00 7.949885084564957127e-01
-3.000000000000000000e+00 7.401424762350004016e-01
-2.000000000000000000e+00 6.676279627989667453e-01
-1.000000000000000000e+00 5.936544310758641307e-01
0.000000000000000000e+00 5.353724512620392506e-01
1.000000000000000000e+00 4.941643579715596646e-01
2.000000000000000000e+00 4.621792092416571740e-01
3.000000000000000000e+00 4.325655664587068072e-01
4.000000000000000000e+00 4.026439009466682983e-01
5.000000000000000000e+00 3.730238786680197816e-01
6.000000000000000000e+00 3.454345088749966597e-01
7.000000000000000000e+00 3.211219276182455951e-01
8.000000000000000000e+00 3.004478870853976025e-01
9.000000000000000000e+00 2.831675049633326502e-01
1.000000000000000000e+01 2.687844342068235193e-01
