-1.000000000000000000e+01 1.383846739859476926e+00
-9.000000000000000000e+00 1.361123188388383420e+00
-8.000000000000000000e+00 1.332032803900706108e+00
-7.000000000000000000e+00 1.293775049290089241e+00
-6.000000000000000000e+00 1.241843393576770760e+00
-5.000000000000000000e+00 1.169054442663332027e+00
-4.000000000000000000e+00 1.065486922543478876e+00
-3.000000000000000000e+00 9.249326847533129170e-01
-2.000000000000000000e+00 7.641162933312256600e-01
-1.000000000000000000e+00 6.225178976697857136e-01
0.000000000000000000e+00 5.189807912322053074e-01
1.000000000000000000e+00 4.496466369432804422e-01
2.000000000000000000e+00 4.115599577857597668e-01
3.000000000000000000e+00 4.008998669970226802e-01
4.000000000000000000e+00 4.075877357637760490e-01
5.000000000000000000e+00 4.206582146991462157e-01
6.000000000000000000e+00 4.335123348479620886e-01
7.000000000000000000e+00 4.437326205108181321e-01
8.000000000000000000e+00 4.510527378591180359e-01
9.000000000000000000e+00 4.559455262180232005e-01
1.000000000000000000e+01 4.590010185178775570e-01
