-1.000000000000000000e+01 1.492371494546053334e+00
-9.000000000000000000e+00 1.476161466253879562e+00
-8.000000000000000000e+00 1.454222421829506784e+00
-7.000000000000000000e+00 1.423113006133949421e+00
-6.000000000000000000e+00 1.376557517556810994e+00
-5.000000000000000000e+00 1.303114364346773746e+00
-4.000000000000000000e+00 1.184160214131452449e+00
-3.000000000000000000e+00 1.004042592357222041e+00
-2.000000000000000000e+00 8.027128587136452831e-01
-1.000000000000000000e+00 6.699951732964937179e-01
0.000000000000000000e+00 6.037352106913093097e-01
1.000000000000000000e+00 5.671550228070089128e-01
2.000000000000000000e+00 5.444407189611267794e-01
3.000000000000000000e+00 5.300895954779614172e-01
4.000000000000000000e+00 5.213555187448882799e-01
5.000000000000000000e+00 5.161692811394550384e-01
6.000000000000000000e+00 5.128407538125946408e-01
7.000000000000000000e+00 5.101474704427544360e-01
8.000000000000000000e+00 5.073602852233000116e-01
9.000000000000000000e+00 5.041532600676973397e-01
1.000000000000000000e+01 5.004665087900725950e-01
