-1.000000000000000000e+01 1.192538577526415677e+00
-9.000000000000000000e+00 1.178583886810710135e+00
-8.000000000000000000e+00 1.159596054409835597e+00
-7.000000000000000000e+00 1.132679922153951413e+00
-6.000000000000000000e+00 1.092917785137357267e+00
-5.000000000000000000e+00 1.032106679093812485e+00
-4.000000000000000000e+00 9.379010237343852197e-01
-3.000000000000000000e+00 7.986918248754539817e-01
-2.000000000000000000e+00 6.318904903438914422e-01
-1.000000000000000000e+00 4.989311228476177584e-01
0.000000000000000000e+00 4.114168731421892211e-01
1.000000000000000000e+00 3.437843402245466806e-01
2.000000000000000000e+00 2.862511247795746505e-01
3.000000000000000000e+00 2.387879806431930374e-01
4.000000000000000000e+00 2.020725889527489605e-01
5.000000000000000000e+00 1.752513795617546000e-01
6.000000000000000000e+00 1.564737629348738057e-01
7.000000000000000000e+00 1.436948753820301294e-01
8.000000000000000000e+00 1.351274791125762209e-01
9.000000000000000000e+00 1.293936368775454315e-01
1.000000000000000000e+01 1.255116677199971109e-01
