-1.000000000000000000e+01 1.509999592711695371e+00
-9.000000000000000000e+00 1.495358316071918825e+00
-8.000000000000000000e+00 1.476059009211839745e+00
-7.000000000000000000e+00 1.449418649786661240e+00
-6.000000000000000000e+00 1.410340385998078316e+00
-5.000000000000000000e+00 1.348388150893078619e+00
-4.000000000000000000e+00 1.241331643004297769e+00
-3.000000000000000000e+00 1.048955238116782818e+00
-2.000000000000000000e+00 7.681946077052328459e-01
-1.000000000000000000e+00 5.456820271250968357e-01
0.000000000000000000e+00 4.244262537281180969e-01
1.000000000000000000e+00 3.497543032156584797e-01
2.000000000000000000e+00 2.992245568328629202e-01
3.000000000000000000e+00 2.638589376357340921e-01
4.000000000000000000e+00 2.381004908195492875e-01
5.000000000000000000e+00 2.184275392253594295e-01
6.000000000000000000e+00 2.027191004021746124e-01
7.000000000000000000e+00 1.897257758311270415e-01
8.000000000000000000e+00 1.787072614487838773e-01
9.000000000000000000e+00 1.692109809452125302e-01
1.000000000000000000e+01 1.609443037666258847e-01
