-1.000000000000000000e+01 1.215265157754104930e+00
-9.000000000000000000e+00 1.205074137442986304e+00
-8.000000000000000000e+00 1.191056214147342862e+00
-7.000000000000000000e+00 1.170953734605151952e+00
-6.000000000000000000e+00 1.140870875511197813e+00
-5.000000000000000000e+00 1.094103324018849355e+00
-4.000000000000000000e+00 1.019804383468658315e+00
-3.000000000000000000e+00 9.041461821689036338e-01
-2.000000000000000000e+00 7.437604537138894356e-01
-1.000000000000000000e+00 5.748601496405975064e-01
0.000000000000000000e+00 4.402763208621699453e-01
1.000000000000000000e+00 3.289424772492265947e-01
2.000000000000000000e+00 2.215869070682053854e-01
3.000000000000000000e+00 1.218722487915293723e-01
4.000000000000000000e+00 4.221608367382961857e-02
5.000000000000000000e+00 -1.448637179024682767e-02
6.000000000000000000e+00 -5.316543451345323579e-02
7.000000000000000000e+00 -7.972545551691032073e-02
8.000000000000000000e+00 -9.849785777809544340e-02
9.000000000000000000e+00 -1.122316717158548527e-01
1.000000000000000000e+01 -1.226088911532260683e-01
