-1.000000000000000000e+01 1.004087518473664842e+00
-9.000000000000000000e+00 9.929081486700761516e-01
-8.000000000000000000e+00 9.788401490770447522e-01
-7.000000000000000000e+00 9.603854662954934840e-01
-6.000000000000000000e+00 9.349985335299878519e-01
-5.000000000000000000e+00 8.985344332572892112e-01
-4.000000000000000000e+00 8.452022261860177021e-01
-3.000000000000000000e+00 7.696006196421850687e-01
-2.000000000000000000e+00 6.713571574934749098e-01
-1.000000000000000000e+00 5.596886917098129466e-01
0.000000000000000000e+00 4.507758656236492967e-01
1.000000000000000000e+00 3.556198650856076671e-01
2.000000000000000000e+00 2.778901193876813225e-01
3.000000000000000000e+00 2.180835103615279269e-01
4.000000000000000000e+00 1.744792130147715115e-01
5.000000000000000000e+00 1.438962804163687326e-01
6.000000000000000000e+00 1.229181537158978293e-01
7.000000000000000000e+00 1.086506989675219692e-01
8.000000000000000000e+00 9.892014052895382881e-02
9.000000000000000000e+00 9.219597893239438180e-02
1.000000000000000000e+01 8.744020081455888826e-02
