-1.000000000000000000e+01 1.141033063981546247e+00
-9.000000000000000000e+00 1.128045298069165314e+00
-8.000000000000000000e+00 1.111652666606476547e+00
-7.000000000000000000e+00 1.090253077524350189e+00
-6.000000000000000000e+00 1.061096331468293519e+00
-5.000000000000000000e+00 1.019431035619028147e+00
-4.000000000000000000e+00 9.577008286432414641e-01
-3.000000000000000000e+00 8.670592730034776263e-01
-2.000000000000000000e+00 7.453887652762772875e-01
-1.000000000000000000e+00 6.078088860641438496e-01
0.000000000000000000e+00 4.811376668247956956e-01
1.000000000000000000e+00 3.883752652628712498e-01
2.000000000000000000e+00 3.416245290439560156e-01
3.000000000000000000e+00 3.315193798367651046e-01
4.000000000000000000e+00 3.369716335148290609e-01
5.000000000000000000e+00 3.445634382313956801e-01
6.000000000000000000e+00 3.500815410479353740e-01
7.000000000000000000e+00 3.531398664378324059e-01
8.000000000000000000e+00 3.542746303628326321e-01
9.000000000000000000e+00 3.540750794377519051e-01
1.000000000000000000e+01 3.530053424690910990e-01
