-1.000000000000000000e+01 1.393958258279449858e+00
-9.000000000000000000e+00 1.375848277823679133e+00
-8.000000000000000000e+00 1.351134961030284964e+00
-7.000000000000000000e+00 1.316319880753047400e+00
-6.000000000000000000e+00 1.265653249892806809e+00
-5.000000000000000000e+00 1.189669718187470027e+00
-4.000000000000000000e+00 1.073809396146536477e+00
-3.000000000000000000e+00 9.033750321314047982e-01
-2.000000000000000000e+00 6.990223260891310630e-01
-1.000000000000000000e+00 5.466106600673338312e-01
0.000000000000000000e+00 4.705496400583588090e-01
1.000000000000000000e+00 4.293118568981484917e-01
2.000000000000000000e+00 3.984177762066398176e-01
3.000000000000000000e+00 3.716955150944498687e-01
4.000000000000000000e+00 3.492091414196775156e-01
5.000000000000000000e+00 3.314142381000801385e-01
6.000000000000000000e+00 3.179454237954946194e-01
7.000000000000000000e+00 3.079781522715134279e-01
8.000000000000000000e+00 3.006447508206213648e-01
9.000000000000000000e+00 2.952192033427620266e-01
1.000000000000000000e+01 2.911524801869423973e-01
