-1.000000000000000000e+01 1.479572993620881016e+00
-9.000000000000000000e+00 1.467015802357107379e+00
-8.000000000000000000e+00 1.450591991156127580e+00
-7.000000000000000000e+00 1.428194675400443758e+00
-6.000000000000000000e+00 1.395923975662115568e+00
-5.000000000000000000e+00 1.346036752015943749e+00
-4.000000000000000000e+00 1.262371019641793213e+00
-3.000000000000000000e+00 1.112668912902670337e+00
-2.000000000000000000e+00 8.643087338140151843e-01
-1.000000000000000000e+00 6.254702908562379537e-01
0.000000000000000000e+00 5.107108608031667440e-01
1.000000000000000000e+00 4.542430717017637010e-01
2.000000000000000000e+00 4.178214666125781296e-01
3.000000000000000000e+00 3.875033470663899471e-01
4.000000000000000000e+00 3.576011225165755536e-01
5.000000000000000000e+00 3.272835590882542944e-01
6.000000000000000000e+00 2.981848137824300582e-01
7.000000000000000000e+00 2.720652898714510659e-01
8.000000000000000000e+00 2.497337856748607088e-01
9.000000000000000000e+00 2.311408911078579320e-01
1.000000000000000000e+01 2.158116538748331703e-01
