-1.000000000000000000e+01 1.059660392573230192e+00
-9.000000000000000000e+00 1.037922461967574650e+00
-8.000000000000000000e+00 1.009749248397654009e+00
-7.000000000000000000e+00 9.725553984538937158e-01
-6.000000000000000000e+00 9.226781060197261075e-01
-5.000000000000000000e+00 8.553994478631520293e-01
-4.000000000000000000e+00 7.665541547774099573e-01
-3.000000000000000000e+00 6.591696648095719535e-01
-2.000000000000000000e+00 5.535051842402288758e-01
-1.000000000000000000e+00 4.730525054832319665e-01
0.000000000000000000e+00 4.190870581737737854e-01
1.000000000000000000e+00 3.836652365012429011e-01
2.000000000000000000e+00 3.618620556843626379e-01
3.000000000000000000e+00 3.503103679503297707e-01
4.000000000000000000e+00 3.458708242372763308e-01
5.000000000000000000e+00 3.459025881074290765e-01
6.000000000000000000e+00 3.484559254791107508e-01
7.000000000000000000e+00 3.521858312328786655e-01
8.000000000000000000e+00 3.562214809765005263e-01
9.000000000000000000e+00 3.600565931256529684e-01
1.000000000000000000e+01 3.634452818790848694e-01
