-1.000000000000000000e+01 8.122435027021498444e-01
-9.000000000000000000e+00 8.062505963553304733e-01
-8.000000000000000000e+00 7.993472686374463176e-01
-7.000000000000000000e+00 7.913371261645821830e-01
-6.000000000000000000e+00 7.819543664295804941e-01
-5.000000000000000000e+00 7.706763219285038824e-01
-4.000000000000000000e+00 7.558559131320040647e-01
-3.000000000000000000e+00 7.316552826992711589e-01
-2.000000000000000000e+00 6.834990455698064515e-01
-1.000000000000000000e+00 6.013019651217994532e-01
0.000000000000000000e+00 5.089884370228050514e-01
1.000000000000000000e+00 4.361382840403240091e-01
2.000000000000000000e+00 3.866392535656904550e-01
3.000000000000000000e+00 3.531840501720558967e-01
4.000000000000000000e+00 3.291551159230648449e-01
5.000000000000000000e+00 3.107161524744358472e-01
6.000000000000000000e+00 2.959693919063917655e-01
7.000000000000000000e+00 2.839299410185963657e-01
8.000000000000000000e+00 2.739884612722313095e-01
9.000000000000000000e+00 2.657096025626851654e-01
1.000000000000000000e+01 2.587610809568390846e-01
