-1.000000000000000000e+01 1.051288041430883835e+00
-9.000000000000000000e+00 1.036811738757753787e+00
-8.000000000000000000e+00 1.018880823431769223e+00
-7.000000000000000000e+00 9.961376661076994932e-01
-6.000000000000000000e+00 9.665140607178804855e-01
-5.000000000000000000e+00 9.268745643384606048e-01
-4.000000000000000000e+00 8.727609353000774783e-01
-3.000000000000000000e+00 7.990944976181745263e-01
-2.000000000000000000e+00 7.029481565506774388e-01
-1.000000000000000000e+00 5.852840435031996247e-01
0.000000000000000000e+00 4.502951553338224722e-01
1.000000000000000000e+00 3.119340448701892199e-01
2.000000000000000000e+00 1.907428405089359458e-01
3.000000000000000000e+00 9.625669045090265441e-02
4.000000000000000000e+00 2.586477465903309209e-02
5.000000000000000000e+00 -2.618207859742361851e-02
6.000000000000000000e+00 -6.473733558537156374e-02
7.000000000000000000e+00 -9.342425936111395379e-02
8.000000000000000000e+00 -1.149653133228784874e-01
9.000000000000000000e+00 -1.313987864262420591e-01
1.000000000000000000e+01 -1.442087902850232861e-01
