-1.000000000000000000e+01 8.864454671511516892e-01
-9.000000000000000000e+00 8.699685033160452496e-01
-8.000000000000000000e+00 8.494835694998129627e-01
-7.000000000000000000e+00 8.239099603520402271e-01
-6.000000000000000000e+00 7.919980427012701663e-01
-5.000000000000000000e+00 7.525321299465755898e-01
-4.000000000000000000e+00 7.049511722195527241e-01
-3.000000000000000000e+00 6.507961611895229925e-01
-2.000000000000000000e+00 5.957625227957301650e-01
-1.000000000000000000e+00 5.489738715381922152e-01
0.000000000000000000e+00 5.159853219082373155e-01
1.000000000000000000e+00 4.946950387644541425e-01
2.000000000000000000e+00 4.802961697460707002e-01
3.000000000000000000e+00 4.694408518871244218e-01
4.000000000000000000e+00 4.603924073784900206e-01
5.000000000000000000e+00 4.522315417399584980e-01
6.000000000000000000e+00 4.444339009936161267e-01
7.000000000000000000e+00 4.367316029201165906e-01
8.000000000000000000e+00 4.290462468438166477e-01
9.000000000000000000e+00 4.214214102802008033e-01
1.000000000000000000e+01 4.139575188151658480e-01
