-1.000000000000000000e+01 9.755534952686520933e-01
-9.000000000000000000e+00 9.600576503896401936e-01
-8.000000000000000000e+00 9.399111703628355574e-01
-7.000000000000000000e+00 9.133477053185555805e-01
-6.000000000000000000e+00 8.779828153165069038e-01
-5.000000000000000000e+00 8.308929549742180010e-01
-4.000000000000000000e+00 7.694086794587927658e-01
-3.000000000000000000e+00 6.935462398295533237e-01
-2.000000000000000000e+00 6.098416997466457046e-01
-1.000000000000000000e+00 5.311998359795443436e-01
0.000000000000000000e+00 4.677622312565776208e-01
1.000000000000000000e+00 4.196693910553041529e-01
2.000000000000000000e+00 3.810464225638734992e-01
3.000000000000000000e+00 3.467356383168446188e-01
4.000000000000000000e+00 3.148318643541969108e-01
5.000000000000000000e+00 2.856109316564832690e-01
6.000000000000000000e+00 2.597333394355813563e-01
7.000000000000000000e+00 2.374246104984638617e-01
8.000000000000000000e+00 2.184789104477968258e-01
9.000000000000000000e+00 2.024802690562132468e-01
1.000000000000000000e+01 1.889677064842435750e-01
