-1.000000000000000000e+01 9.787933930602527033e-01
-9.000000000000000000e+00 9.691889224359347965e-01
-8.000000000000000000e+00 9.576657031845137169e-01
-7.000000000000000000e+00 9.433617209101392564e-01
-6.000000000000000000e+00 9.246451255717441642e-01
-5.000000000000000000e+00 8.983188381439290993e-01
-4.000000000000000000e+00 8.586603322847450315e-01
-3.000000000000000000e+00 7.993154499149764947e-01
-2.000000000000000000e+00 7.225498977507678333e-01
-1.000000000000000000e+00 6.393401971812572304e-01
0.000000000000000000e+00 5.618175666885766306e-01
1.000000000000000000e+00 4.890491032231246149e-01
2.000000000000000000e+00 4.152421379562062920e-01
3.000000000000000000e+00 3.422628317875716641e-01
4.000000000000000000e+00 2.769437154318495908e-01
5.000000000000000000e+00 2.238883029710433958e-01
6.000000000000000000e+00 1.833158233648042590e-01
7.000000000000000000e+00 1.530686207801290333e-01
8.000000000000000000e+00 1.305838467142823034e-01
9.000000000000000000e+00 1.137146652084736892e-01
1.000000000000000000e+01 1.008698836731300869e-01
