-1.000000000000000000e+01 1.131682998771591064e+00
-9.000000000000000000e+00 1.118049942859214330e+00
-8.000000000000000000e+00 1.099909677360267901e+00
-7.000000000000000000e+00 1.074852258174171071e+00
-6.000000000000000000e+00 1.038835330099592946e+00
-5.000000000000000000e+00 9.851451139341529384e-01
-4.000000000000000000e+00 9.037734524537510694e-01
-3.000000000000000000e+00 7.853037496755770341e-01
-2.000000000000000000e+00 6.367392667332996137e-01
-1.000000000000000000e+00 4.899213584639857122e-01
0.000000000000000000e+00 3.620797869279581693e-01
1.000000000000000000e+00 2.468797977021115475e-01
2.000000000000000000e+00 1.495156590369070559e-01
3.000000000000000000e+00 7.892516142287088476e-02
4.000000000000000000e+00 3.194565318885628225e-02
5.000000000000000000e+00 5.836743770791332810e-04
6.000000000000000000e+00 -2.135877617815463980e-02
7.000000000000000000e+00 -3.759510730936069939e-02
8.000000000000000000e+00 -5.021671100480069178e-02
9.000000000000000000e+00 -6.041155331087083580e-02
1.000000000000000000e+01 -6.887971126060435378e-02
