-1.000000000000000000e+01 1.552524868352733511e+00
-9.000000000000000000e+00 1.527531276907893032e+00
-8.000000000000000000e+00 1.495194964823654882e+00
-7.000000000000000000e+00 1.451857242266259451e+00
-6.000000000000000000e+00 1.391210000409287106e+00
-5.000000000000000000e+00 1.302147900578727313e+00
-4.000000000000000000e+00 1.166291187849887612e+00
-3.000000000000000000e+00 9.642487991694631555e-01
-2.000000000000000000e+00 7.242583611297900292e-01
-1.000000000000000000e+00 5.449929538121327521e-01
0.000000000000000000e+00 4.333406715264515596e-01
1.000000000000000000e+00 3.504931616815014084e-01
2.000000000000000000e+00 2.826577711327181164e-01
3.000000000000000000e+00 2.254163534221075016e-01
4.000000000000000000e+00 1.770245387136192561e-01
5.000000000000000000e+00 1.366871349400693159e-01
6.000000000000000000e+00 1.035242441707767275e-01
7.000000000000000000e+00 7.640537136476689695e-02
8.000000000000000000e+00 5.417413503094096333e-02
9.000000000000000000e+00 3.581940792142291469e-02
1.000000000000000000e+01 2.052476991617108171e-02
