-1.000000000000000000e+01 2.117386691954147526e+00
-9.000000000000000000e+00 2.096674552029618166e+00
-8.000000000000000000e+00 2.069654058593120016e+00
-7.000000000000000000e+00 2.033240480172204379e+00
-6.000000000000000000e+00 1.981992085812754434e+00
-5.000000000000000000e+00 1.905487010571091933e+00
-4.000000000000000000e+00 1.782038784712325130e+00
-3.000000000000000000e+00 1.563462261963735500e+00
-2.000000000000000000e+00 1.145536230400743927e+00
-1.000000000000000000e+00 6.363124796757791968e-01
0.000000000000000000e+00 4.732448950525612319e-01
1.000000000000000000e+00 4.051074024063090473e-01
2.000000000000000000e+00 3.659819969314466737e-01
3.000000000000000000e+00 3.415838067797570266e-01
4.000000000000000000e+00 3.245063385026435432e-01
5.000000000000000000e+00 3.108981146075877611e-01
6.000000000000000000e+00 2.989890448869740869e-01
7.000000000000000000e+00 2.881398900179547029e-01
8.000000000000000000e+00 2.782208029688360562e-01
9.000000000000000000e+00 2.692524250655716211e-01
1.000000000000000000e+01 2.612464572071074853e-01
