-1.000000000000000000e+01 1.368862777332270131e+00
-9.000000000000000000e+00 1.356117331969400208e+00
-8.000000000000000000e+00 1.338985098993792366e+00
-7.000000000000000000e+00 1.314806877301039956e+00
-6.000000000000000000e+00 1.278865056233242425e+00
-5.000000000000000000e+00 1.222602518043458764e+00
-4.000000000000000000e+00 1.130484722796864849e+00
-3.000000000000000000e+00 9.780568473185654588e-01
-2.000000000000000000e+00 7.669446234940462404e-01
-1.000000000000000000e+00 6.086196298172623642e-01
0.000000000000000000e+00 5.239390905686297506e-01
1.000000000000000000e+00 4.640645239190883120e-01
2.000000000000000000e+00 4.109091640784671706e-01
3.000000000000000000e+00 3.625772052872128226e-01
4.000000000000000000e+00 3.217836288380201970e-01
5.000000000000000000e+00 2.897161093945668786e-01
6.000000000000000000e+00 2.653875985736867116e-01
7.000000000000000000e+00 2.470129403799338486e-01
8.000000000000000000e+00 2.329414514010698933e-01
9.000000000000000000e+00 2.219285938238972633e-01
1.000000000000000000e+01 2.131071895194013854e-01
