-1.000000000000000000e+01 1.361445543999130425e+00
-9.000000000000000000e+00 1.343751249054342400e+00
-8.000000000000000000e+00 1.319978234568004893e+00
-7.000000000000000000e+00 1.286930183757667656e+00
-6.000000000000000000e+00 1.239374796362441744e+00
-5.000000000000000000e+00 1.168989174662010910e+00
-4.000000000000000000e+00 1.064538940888337892e+00
-3.000000000000000000e+00 9.200095921392099640e-01
-2.000000000000000000e+00 7.565029629238818609e-01
-1.000000000000000000e+00 6.105826383857606565e-01
0.000000000000000000e+00 4.757927534564204142e-01
1.000000000000000000e+00 3.272263497442843283e-01
2.000000000000000000e+00 1.877430866690291411e-01
3.000000000000000000e+00 9.049764121166160857e-02
4.000000000000000000e+00 3.181005485487976847e-02
5.000000000000000000e+00 -3.652229539491208543e-03
6.000000000000000000e+00 -2.640707792238712603e-02
7.000000000000000000e+00 -4.204497048171338541e-02
8.000000000000000000e+00 -5.344311498779158454e-02
9.000000000000000000e+00 -6.213898654470634969e-02
1.000000000000000000e+01 -6.900416661818947750e-02
