-1.000000000000000000e+01 1.582297816776844446e+00
-9.000000000000000000e+00 1.570363639741243711e+00
-8.000000000000000000e+00 1.554797000704219112e+00
-7.000000000000000000e+00 1.533453069754449727e+00
-6.000000000000000000e+00 1.502017878381846971e+00
-5.000000000000000000e+00 1.450780750834988142e+00
-4.000000000000000000e+00 1.356548233697890016e+00
-3.000000000000000000e+00 1.170624672860690607e+00
-2.000000000000000000e+00 8.611825119435116971e-01
-1.000000000000000000e+00 6.032858042789545072e-01
0.000000000000000000e+00 4.672220743791453135e-01
1.000000000000000000e+00 3.688836878911329054e-01
2.000000000000000000e+00 2.874336543862902604e-01
3.000000000000000000e+00 2.209500036180724047e-01
4.000000000000000000e+00 1.691376350771972570e-01
5.000000000000000000e+00 1.301135727090065863e-01
6.000000000000000000e+00 1.010852185047270563e-01
7.000000000000000000e+00 7.941264328062663802e-02
8.000000000000000000e+00 6.302687591664854483e-02
9.000000000000000000e+00 5.043082285173589030e-02
1.000000000000000000e+01 4.057241308942705071e-02
