-1.000000000000000000e+01 1.173406113063062861e+00
-9.000000000000000000e+00 1.163174045479677954e+00
-8.000000000000000000e+00 1.150011769310964382e+00
-7.000000000000000000e+00 1.132059784727086793e+00
-6.000000000000000000e+00 1.105732095483517030e+00
-5.000000000000000000e+00 1.064249854608689816e+00
-4.000000000000000000e+00 9.966276605086997753e-01
-3.000000000000000000e+00 8.924224938635224591e-01
-2.000000000000000000e+00 7.583891898115122654e-01
-1.000000000000000000e+00 6.237821730998913683e-01
0.000000000000000000e+00 5.083288782008675843e-01
1.000000000000000000e+00 4.107048435221975491e-01
2.000000000000000000e+00 3.249453881708654901e-01
3.000000000000000000e+00 2.495178413508808424e-01
4.000000000000000000e+00 1.860092523892236116e-01
5.000000000000000000e+00 1.350154117953292765e-01
6.000000000000000000e+00 9.513477163440155204e-02
7.000000000000000000e+00 6.409581604511627173e-02
8.000000000000000000e+00 3.972838216870358541e-02
9.000000000000000000e+00 2.031290912754832659e-02
1.000000000000000000e+01 4.586678575017009984e-03
