-1.000000000000000000e+01 1.263430122857470694e+00
-9.000000000000000000e+00 1.245045376168395945e+00
-8.000000000000000000e+00 1.221559495352876556e+00
-7.000000000000000000e+00 1.190704231792032441e+00
-6.000000000000000000e+00 1.148805268301298588e+00
-5.000000000000000000e+00 1.089842620976681609e+00
-4.000000000000000000e+00 1.004566330493129156e+00
-3.000000000000000000e+00 8.834180919085500294e-01
-2.000000000000000000e+00 7.341089702318084331e-01
-1.000000000000000000e+00 5.932477710270993576e-01
0.000000000000000000e+00 4.804421024319931455e-01
1.000000000000000000e+00 3.995441077079761594e-01
2.000000000000000000e+00 3.665876167100369232e-01
3.000000000000000000e+00 3.789163876644321971e-01
4.000000000000000000e+00 4.073674861922450541e-01
5.000000000000000000e+00 4.310937138707257588e-01
6.000000000000000000e+00 4.459688122212675521e-01
7.000000000000000000e+00 4.540156790028079814e-01
8.000000000000000000e+00 4.577136334660166783e-01
9.000000000000000000e+00 4.588156641421741733e-01
1.000000000000000000e+01 4.584162630482698231e-01
