-1.000000000000000000e+01 1.141183590657053548e+00
-9.000000000000000000e+00 1.124252282812065795e+00
-8.000000000000000000e+00 1.102153977887766922e+00
-7.000000000000000000e+00 1.072357394405743403e+00
-6.000000000000000000e+00 1.030691138559013842e+00
-5.000000000000000000e+00 9.703339345124710746e-01
-4.000000000000000000e+00 8.816295242699220269e-01
-3.000000000000000000e+00 7.597841773584259606e-01
-2.000000000000000000e+00 6.273404447337630474e-01
-1.000000000000000000e+00 5.177786341285744998e-01
0.000000000000000000e+00 4.308814335544213225e-01
1.000000000000000000e+00 3.580274605298229273e-01
2.000000000000000000e+00 2.945893029723038459e-01
3.000000000000000000e+00 2.371425962094321493e-01
4.000000000000000000e+00 1.848539851328473982e-01
5.000000000000000000e+00 1.393406469289281413e-01
6.000000000000000000e+00 1.020580567105768693e-01
7.000000000000000000e+00 7.279033896417576310e-02
8.000000000000000000e+00 5.016341399695183750e-02
9.000000000000000000e+00 3.257682453491821811e-02
1.000000000000000000e+01 1.868187878779517530e-02
