-1.000000000000000000e+01 9.773613099872545673e-01
-9.000000000000000000e+00 9.653988418059986643e-01
-8.000000000000000000e+00 9.500422119684320821e-01
-7.000000000000000000e+00 9.296512992342028658e-01
-6.000000000000000000e+00 9.016848271601060061e-01
-5.000000000000000000e+00 8.624888406604792612e-01
-4.000000000000000000e+00 8.076744878549682038e-01
-3.000000000000000000e+00 7.342709087108395538e-01
-2.000000000000000000e+00 6.459484389075884625e-01
-1.000000000000000000e+00 5.557309748700008933e-01
0.000000000000000000e+00 4.746180490566840326e-01
1.000000000000000000e+00 4.036263261321411111e-01
2.000000000000000000e+00 3.426553857343340725e-01
3.000000000000000000e+00 2.936538268774502303e-01
4.000000000000000000e+00 2.569458129863772533e-01
5.000000000000000000e+00 2.306193331751924536e-01
6.000000000000000000e+00 2.120500336035557043e-01
7.000000000000000000e+00 1.989089079030250673e-01
8.000000000000000000e+00 1.894446982193664364e-01
9.000000000000000000e+00 1.824437512572578968e-01
1.000000000000000000e+01 1.771010359389776356e-01
