-1.000000000000000000e+01 8.931672073301120118e-01
-9.000000000000000000e+00 8.765402205263793656e-01
-8.000000000000000000e+00 8.556982484352034790e-01
-7.000000000000000000e+00 8.290027501098236051e-01
-6.000000000000000000e+00 7.940293111059953945e-01
-5.000000000000000000e+00 7.473224712336749009e-01
-4.000000000000000000e+00 6.846288037639621793e-01
-3.000000000000000000e+00 6.031008697397003404e-01
-2.000000000000000000e+00 5.074830479365876057e-01
-1.000000000000000000e+00 4.146367967196818993e-01
0.000000000000000000e+00 3.410392750875468892e-01
1.000000000000000000e+00 2.883236316047778081e-01
2.000000000000000000e+00 2.498427743158200542e-01
3.000000000000000000e+00 2.200964166876681338e-01
4.000000000000000000e+00 1.964056661878114673e-01
5.000000000000000000e+00 1.775291752921836497e-01
6.000000000000000000e+00 1.626130650458715021e-01
7.000000000000000000e+00 1.508814727047662063e-01
8.000000000000000000e+00 1.416334826190785989e-01
9.000000000000000000e+00 1.342780098559049617e-01
1.000000000000000000e+01 1.283436370611763522e-01
