-1.000000000000000000e+01 1.127317608430318474e+00
-9.000000000000000000e+00 1.116322531842402821e+00
-8.000000000000000000e+00 1.101947960563327555e+00
-7.000000000000000000e+00 1.082400866174207943e+00
-6.000000000000000000e+00 1.054434086408339688e+00
-5.000000000000000000e+00 1.011766337659047998e+00
-4.000000000000000000e+00 9.424316315020815349e-01
-3.000000000000000000e+00 8.307092351550129372e-01
-2.000000000000000000e+00 6.844535572556190717e-01
-1.000000000000000000e+00 5.555060543671169748e-01
0.000000000000000000e+00 4.721924283193378313e-01
1.000000000000000000e+00 4.163916764946065663e-01
2.000000000000000000e+00 3.664975965087739485e-01
3.000000000000000000e+00 3.150071256660174623e-01
4.000000000000000000e+00 2.658983629815555028e-01
5.000000000000000000e+00 2.241460170180004374e-01
6.000000000000000000e+00 1.908893129444817760e-01
7.000000000000000000e+00 1.648812453140028056e-01
8.000000000000000000e+00 1.443949701940790697e-01
9.000000000000000000e+00 1.279761241192913512e-01
1.000000000000000000e+01 1.145584962651636091e-01
